Freq. (Hz) 	 V/sqrt(Hz) 
0	0
5.07812e+06	0
1.01562e+07	0
1.52344e+07	0
2.03125e+07	0
2.53906e+07	0
3.04688e+07	0
3.55469e+07	0
4.0625e+07	0
4.57031e+07	0
5.07812e+07	0
5.58594e+07	0
6.09375e+07	0
6.60156e+07	0
7.10938e+07	0
7.61719e+07	0
8.125e+07	0
8.63281e+07	0
9.14062e+07	0
9.64844e+07	0
1.01562e+08	0
1.06641e+08	0
1.11719e+08	0
1.16797e+08	0
1.21875e+08	0
1.26953e+08	0
1.32031e+08	0
1.37109e+08	0
1.42188e+08	0
1.47266e+08	0
1.52344e+08	0
1.57422e+08	0
1.625e+08	0
1.67578e+08	0
1.72656e+08	0
1.77734e+08	0
1.82812e+08	0.0619679
1.87891e+08	0.060137
1.92969e+08	0.0563722
1.98047e+08	0.0521604
2.03125e+08	0.0470461
2.08203e+08	0.0433805
2.13281e+08	0.0442346
2.18359e+08	0.0452061
2.23438e+08	0.0464185
2.28516e+08	0.0518776
2.33594e+08	0.0550821
2.38672e+08	0.0573276
2.4375e+08	0.0586873
2.48828e+08	0.0570609
2.53906e+08	0.0537289
2.58984e+08	0.0494329
2.64062e+08	0.0450817
2.69141e+08	0.0401848
2.74219e+08	0.0341295
2.79297e+08	0.0291757
2.84375e+08	0.0217648
2.89453e+08	0.0146332
2.94531e+08	0.0100604
2.99609e+08	0.00710001
3.04688e+08	0.00365381
3.09766e+08	0.00209347
3.14844e+08	0.00124005
3.19922e+08	0.000797092
3.25e+08	0.000524395
3.30078e+08	0.000357579
3.35156e+08	0.000272532
3.40234e+08	0.000247975
3.45312e+08	0.000216582
3.50391e+08	0.000184355
3.55469e+08	0.000157002
3.60547e+08	0.000141852
3.65625e+08	0.000133385
3.70703e+08	0.000124382
3.75781e+08	0.000117093
3.80859e+08	0.000113885
3.85938e+08	0.000117114
3.91016e+08	0.000120656
3.96094e+08	0.000120843
4.01172e+08	0.000124402
4.0625e+08	0.000123769
4.11328e+08	0.000115477
4.16406e+08	0.000100945
4.21484e+08	9.39267e-05
4.26562e+08	9.29454e-05
4.31641e+08	9.61435e-05
4.36719e+08	0.000103995
4.41797e+08	0.000106039
4.46875e+08	0.000104943
4.51953e+08	0.000102494
4.57031e+08	0.00010201
4.62109e+08	0.000110218
4.67188e+08	0.000115614
4.72266e+08	0.000110533
4.77344e+08	0.000107929
4.82422e+08	0.00011038
4.875e+08	0.000113654
4.92578e+08	0.000109248
4.97656e+08	0.000107632
5.02734e+08	0.000110249
5.07812e+08	0.000115175
5.12891e+08	0.00011666
5.17969e+08	0.000111217
5.23047e+08	0.000107557
5.28125e+08	0.000103239
5.33203e+08	9.66144e-05
5.38281e+08	9.11904e-05
5.43359e+08	8.98829e-05
5.48438e+08	9.30936e-05
5.53516e+08	9.805e-05
5.58594e+08	0.000103758
5.63672e+08	0.000108724
5.6875e+08	0.000108183
5.73828e+08	0.000104104
5.78906e+08	0.000102804
5.83984e+08	0.000107006
5.89062e+08	0.000111473
5.94141e+08	0.000107427
5.99219e+08	0.000104343
6.04297e+08	0.000114995
6.09375e+08	0.000121454
6.14453e+08	0.00012308
6.19531e+08	0.000121258
6.24609e+08	0.000119275
6.29688e+08	0.000122426
6.34766e+08	0.000128989
6.39844e+08	0.000134789
6.44922e+08	0.000135305
6.5e+08	0.000136051
6.55078e+08	0.000140545
6.60156e+08	0.000144891
6.65234e+08	0.000136768
6.70312e+08	0.000131179
6.75391e+08	0.000132321
6.80469e+08	0.000141148
6.85547e+08	0.000144018
6.90625e+08	0.000149142
6.95703e+08	0.000159261
7.00781e+08	0.000165371
7.05859e+08	0.000149827
7.10938e+08	0.000134811
7.16016e+08	0.000140824
7.21094e+08	0.000142061
7.26172e+08	0.000130403
7.3125e+08	0.000116284
7.36328e+08	0.000119089
7.41406e+08	0.000124938
7.46484e+08	0.000121831
7.51562e+08	0.000111147
7.56641e+08	0.000102337
7.61719e+08	0.00010187
7.66797e+08	9.789e-05
7.71875e+08	9.15797e-05
7.76953e+08	9.21592e-05
7.82031e+08	9.03891e-05
7.87109e+08	8.4543e-05
7.92188e+08	7.67513e-05
7.97266e+08	7.4045e-05
8.02344e+08	7.13608e-05
8.07422e+08	6.82058e-05
8.125e+08	6.43594e-05
8.17578e+08	6.34198e-05
8.22656e+08	6.1661e-05
8.27734e+08	5.7712e-05
8.32812e+08	5.20312e-05
8.37891e+08	4.64044e-05
8.42969e+08	4.14911e-05
8.48047e+08	3.62599e-05
8.53125e+08	3.39021e-05
8.58203e+08	3.42009e-05
8.63281e+08	3.63061e-05
8.68359e+08	3.91547e-05
8.73438e+08	3.69038e-05
8.78516e+08	3.38841e-05
8.83594e+08	3.2817e-05
8.88672e+08	3.97461e-05
8.9375e+08	4.06847e-05
8.98828e+08	3.79078e-05
9.03906e+08	3.42146e-05
9.08984e+08	3.67618e-05
9.14062e+08	4.16524e-05
9.19141e+08	4.63074e-05
9.24219e+08	4.76904e-05
9.29297e+08	5.06322e-05
9.34375e+08	5.39293e-05
9.39453e+08	5.3735e-05
9.44531e+08	4.95749e-05
9.49609e+08	4.80022e-05
9.54688e+08	4.6361e-05
9.59766e+08	4.50219e-05
9.64844e+08	4.19866e-05
9.69922e+08	4.19196e-05
9.75e+08	4.2551e-05
9.80078e+08	4.57039e-05
9.85156e+08	4.74947e-05
9.90234e+08	4.95378e-05
9.95312e+08	5.16514e-05
1.00039e+09	4.73565e-05
1.00547e+09	4.89991e-05
1.01055e+09	5.04977e-05
1.01562e+09	5.19324e-05
1.0207e+09	5.14411e-05
1.02578e+09	5.27186e-05
1.03086e+09	5.39226e-05
1.03594e+09	5.49672e-05
1.04102e+09	6.10846e-05
1.04609e+09	6.13496e-05
1.05117e+09	6.13373e-05
1.05625e+09	6.11369e-05
1.06133e+09	5.5662e-05
1.06641e+09	5.5564e-05
1.07148e+09	5.5608e-05
1.07656e+09	5.57091e-05
1.08164e+09	5.55235e-05
1.08672e+09	5.53965e-05
1.0918e+09	5.4904e-05
1.09688e+09	5.3932e-05
1.10195e+09	5.15968e-05
1.10703e+09	4.97767e-05
1.11211e+09	4.76549e-05
1.11719e+09	4.53626e-05
1.12227e+09	4.23238e-05
1.12734e+09	4.00413e-05
1.13242e+09	3.7851e-05
1.1375e+09	3.57906e-05
1.14258e+09	3.33189e-05
1.14766e+09	3.16415e-05
1.15273e+09	3.01886e-05
1.15781e+09	2.89618e-05
1.16289e+09	2.87193e-05
1.16797e+09	2.80136e-05
1.17305e+09	2.75796e-05
1.17812e+09	2.73735e-05
1.1832e+09	2.17201e-05
1.18828e+09	2.17265e-05
1.19336e+09	2.16182e-05
1.19844e+09	2.13415e-05
1.20352e+09	1.85744e-05
1.20859e+09	1.8013e-05
1.21367e+09	1.73856e-05
1.21875e+09	1.67764e-05
1.22383e+09	0
1.22891e+09	0
1.23398e+09	0
1.23906e+09	0
1.24414e+09	0
1.24922e+09	0
1.2543e+09	0
1.25938e+09	0
1.26445e+09	0
1.26953e+09	0
1.27461e+09	0
1.27969e+09	0
1.28477e+09	0
1.28984e+09	0
1.29492e+09	0
Freq. (Hz) 	 V/sqrt(Hz) 
0	0
5.07812e+06	0
1.01562e+07	0
1.52344e+07	0
2.03125e+07	0
2.53906e+07	0
3.04688e+07	0
3.55469e+07	0
4.0625e+07	0
4.57031e+07	0
5.07812e+07	0
5.58594e+07	0
6.09375e+07	0
6.60156e+07	0
7.10938e+07	0
7.61719e+07	0
8.125e+07	0
8.63281e+07	0
9.14062e+07	0
9.64844e+07	0
1.01562e+08	0
1.06641e+08	0
1.11719e+08	0
1.16797e+08	0
1.21875e+08	0
1.26953e+08	0
1.32031e+08	0
1.37109e+08	0
1.42188e+08	0
1.47266e+08	0
1.52344e+08	0
1.57422e+08	0
1.625e+08	0
1.67578e+08	0
1.72656e+08	0
1.77734e+08	0
1.82812e+08	0.00077983
1.87891e+08	0.000739893
1.92969e+08	0.000698523
1.98047e+08	0.000658821
2.03125e+08	0.000601119
2.08203e+08	0.000549428
2.13281e+08	0.000540561
2.18359e+08	0.000518812
2.23438e+08	0.000492236
2.28516e+08	0.000510553
2.33594e+08	0.00051757
2.38672e+08	0.000542194
2.4375e+08	0.000601382
2.48828e+08	0.000688165
2.53906e+08	0.00082555
2.58984e+08	0.00103543
2.64062e+08	0.00135693
2.69141e+08	0.00181485
2.74219e+08	0.00241735
2.79297e+08	0.00343467
2.84375e+08	0.00459819
2.89453e+08	0.00608873
2.94531e+08	0.0090501
2.99609e+08	0.0149056
3.04688e+08	0.0288269
3.09766e+08	0.0382762
3.14844e+08	0.0479891
3.19922e+08	0.0575844
3.25e+08	0.0614608
3.30078e+08	0.0595471
3.35156e+08	0.0580325
3.40234e+08	0.0627815
3.45312e+08	0.0628118
3.50391e+08	0.0607783
3.55469e+08	0.0593941
3.60547e+08	0.0621113
3.65625e+08	0.0676341
3.70703e+08	0.0721425
3.75781e+08	0.0758216
3.80859e+08	0.0797284
3.85938e+08	0.0859258
3.91016e+08	0.0902558
3.96094e+08	0.0899018
4.01172e+08	0.0898466
4.0625e+08	0.0849759
4.11328e+08	0.0740163
4.16406e+08	0.0595694
4.21484e+08	0.050708
4.26562e+08	0.0462231
4.31641e+08	0.0447665
4.36719e+08	0.0464419
4.41797e+08	0.0467219
4.46875e+08	0.0468964
4.51953e+08	0.0481057
4.57031e+08	0.0495549
4.62109e+08	0.0551217
4.67188e+08	0.0592818
4.72266e+08	0.0582654
4.77344e+08	0.0593234
4.82422e+08	0.064539
4.875e+08	0.07158
4.92578e+08	0.0739094
4.97656e+08	0.076724
5.02734e+08	0.0800369
5.07812e+08	0.0817582
5.12891e+08	0.0781941
5.17969e+08	0.0686818
5.23047e+08	0.0605006
5.28125e+08	0.0528855
5.33203e+08	0.0454047
5.38281e+08	0.0397303
5.43359e+08	0.0367828
5.48438e+08	0.036205
5.53516e+08	0.0364621
5.58594e+08	0.0369642
5.63672e+08	0.0370469
5.6875e+08	0.0350083
5.73828e+08	0.0316068
5.78906e+08	0.0290553
5.83984e+08	0.0280617
5.89062e+08	0.0271727
5.94141e+08	0.0246214
5.99219e+08	0.0228189
6.04297e+08	0.025112
6.09375e+08	0.0269522
6.14453e+08	0.0279087
6.19531e+08	0.0277417
6.24609e+08	0.0268027
6.29688e+08	0.0261486
6.34766e+08	0.0253238
6.39844e+08	0.0235883
6.44922e+08	0.0205712
6.5e+08	0.0175009
6.55078e+08	0.0148804
6.60156e+08	0.012231
6.65234e+08	0.00891108
6.70312e+08	0.0063968
6.75391e+08	0.00472223
6.80469e+08	0.00363608
6.85547e+08	0.00267231
6.90625e+08	0.00200831
6.95703e+08	0.00158999
7.00781e+08	0.00126626
7.05859e+08	0.000922207
7.10938e+08	0.000706942
7.16016e+08	0.000672792
7.21094e+08	0.00065939
7.26172e+08	0.000621651
7.3125e+08	0.000592854
7.36328e+08	0.000663133
7.41406e+08	0.000761696
7.46484e+08	0.000836974
7.51562e+08	0.000811089
7.56641e+08	0.00078089
7.61719e+08	0.000805377
7.66797e+08	0.000795091
7.71875e+08	0.000759073
7.76953e+08	0.000776803
7.82031e+08	0.000774288
7.87109e+08	0.000733473
7.92188e+08	0.000672377
7.97266e+08	0.000652529
8.02344e+08	0.000630491
8.07422e+08	0.000601432
8.125e+08	0.000565478
8.17578e+08	0.000557192
8.22656e+08	0.00054566
8.27734e+08	0.000517622
8.32812e+08	0.000476283
8.37891e+08	0.000436592
8.42969e+08	0.000402226
8.48047e+08	0.00036162
8.53125e+08	0.000347554
8.58203e+08	0.000359469
8.63281e+08	0.000388674
8.68359e+08	0.000424051
8.73438e+08	0.000402923
8.78516e+08	0.00037094
8.83594e+08	0.000358646
8.88672e+08	0.000433251
8.9375e+08	0.000441112
8.98828e+08	0.000407533
9.03906e+08	0.000362929
9.08984e+08	0.000382045
9.14062e+08	0.000420507
9.19141e+08	0.00045068
9.24219e+08	0.000445907
9.29297e+08	0.000455956
9.34375e+08	0.000470642
9.39453e+08	0.000459012
9.44531e+08	0.000419566
9.49609e+08	0.000405845
9.54688e+08	0.000392092
9.59766e+08	0.000379328
9.64844e+08	0.000348667
9.69922e+08	0.000337644
9.75e+08	0.000327572
9.80078e+08	0.000332074
9.85156e+08	0.000322757
9.90234e+08	0.000313736
9.95312e+08	0.000305751
1.00039e+09	0.000262994
1.00547e+09	0.000256904
1.01055e+09	0.000251863
1.01562e+09	0.00024769
1.0207e+09	0.00023495
1.02578e+09	0.000231179
1.03086e+09	0.000227315
1.03594e+09	0.000222947
1.04102e+09	0.00023613
1.04609e+09	0.000231291
1.05117e+09	0.000226021
1.05625e+09	0.000220289
1.06133e+09	0.000195214
1.06641e+09	0.000188137
1.07148e+09	0.000180428
1.07656e+09	0.000172861
1.08164e+09	0.000165157
1.08672e+09	0.000159533
1.0918e+09	0.000155482
1.09688e+09	0.000153269
1.10195e+09	0.000150109
1.10703e+09	0.000150903
1.11211e+09	0.000152343
1.11719e+09	0.000153688
1.12227e+09	0.000151622
1.12734e+09	0.000150559
1.13242e+09	0.00014768
1.1375e+09	0.000142965
1.14258e+09	0.000134496
1.14766e+09	0.000127301
1.15273e+09	0.000119112
1.15781e+09	0.00011043
1.16289e+09	0.0001045
1.16797e+09	9.60981e-05
1.17305e+09	8.84589e-05
1.17812e+09	8.1967e-05
1.1832e+09	5.88177e-05
1.18828e+09	5.54432e-05
1.19336e+09	5.2632e-05
1.19844e+09	5.02239e-05
1.20352e+09	4.28579e-05
1.20859e+09	4.12843e-05
1.21367e+09	3.98774e-05
1.21875e+09	3.84141e-05
1.22383e+09	0
1.22891e+09	0
1.23398e+09	0
1.23906e+09	0
1.24414e+09	0
1.24922e+09	0
1.2543e+09	0
1.25938e+09	0
1.26445e+09	0
1.26953e+09	0
1.27461e+09	0
1.27969e+09	0
1.28477e+09	0
1.28984e+09	0
1.29492e+09	0
Freq. (Hz) 	 V/sqrt(Hz) 
0	0
5.07812e+06	0
1.01562e+07	0
1.52344e+07	0
2.03125e+07	0
2.53906e+07	0
3.04688e+07	0
3.55469e+07	0
4.0625e+07	0
4.57031e+07	0
5.07812e+07	0
5.58594e+07	0
6.09375e+07	0
6.60156e+07	0
7.10938e+07	0
7.61719e+07	0
8.125e+07	0
8.63281e+07	0
9.14062e+07	0
9.64844e+07	0
1.01562e+08	0
1.06641e+08	0
1.11719e+08	0
1.16797e+08	0
1.21875e+08	0
1.26953e+08	0
1.32031e+08	0
1.37109e+08	0
1.42188e+08	0
1.47266e+08	0
1.52344e+08	0
1.57422e+08	0
1.625e+08	0
1.67578e+08	0
1.72656e+08	0
1.77734e+08	0
1.82812e+08	0.00022038
1.87891e+08	0.000216968
1.92969e+08	0.000215799
1.98047e+08	0.000216785
2.03125e+08	0.000209107
2.08203e+08	0.000201866
2.13281e+08	0.00020961
2.18359e+08	0.000209912
2.23438e+08	0.000202944
2.28516e+08	0.000211683
2.33594e+08	0.000210666
2.38672e+08	0.000208237
2.4375e+08	0.000208798
2.48828e+08	0.000208553
2.53906e+08	0.000208606
2.58984e+08	0.000208576
2.64062e+08	0.000209668
2.69141e+08	0.000208758
2.74219e+08	0.000200399
2.79297e+08	0.000201564
2.84375e+08	0.000185523
2.89453e+08	0.000165148
2.94531e+08	0.000162258
2.99609e+08	0.000176215
3.04688e+08	0.000185978
3.09766e+08	0.000177035
3.14844e+08	0.000170576
3.19922e+08	0.000171445
3.25e+08	0.00016615
3.30078e+08	0.000159266
3.35156e+08	0.000160902
3.40234e+08	0.000183861
3.45312e+08	0.000191021
3.50391e+08	0.000187483
3.55469e+08	0.000176364
3.60547e+08	0.000171192
3.65625e+08	0.000171253
3.70703e+08	0.000171905
3.75781e+08	0.000173842
3.80859e+08	0.000184279
3.85938e+08	0.000206698
3.91016e+08	0.000232548
3.96094e+08	0.00025023
4.01172e+08	0.000275808
4.0625e+08	0.00029028
4.11328e+08	0.000288101
4.16406e+08	0.000264685
4.21484e+08	0.000259149
4.26562e+08	0.000269177
4.31641e+08	0.000292367
4.36719e+08	0.000327832
4.41797e+08	0.000347091
4.46875e+08	0.000356815
4.51953e+08	0.000366667
4.57031e+08	0.000377358
4.62109e+08	0.00042912
4.67188e+08	0.000478378
4.72266e+08	0.000493025
4.77344e+08	0.000533754
4.82422e+08	0.000616085
4.875e+08	0.000724387
4.92578e+08	0.000803669
4.97656e+08	0.000913118
5.02734e+08	0.00106492
5.07812e+08	0.00124299
5.12891e+08	0.00136965
5.17969e+08	0.00139548
5.23047e+08	0.00142513
5.28125e+08	0.00143881
5.33203e+08	0.00143329
5.38281e+08	0.00147107
5.43359e+08	0.00159554
5.48438e+08	0.00186856
5.53516e+08	0.00228654
5.58594e+08	0.00289716
5.63672e+08	0.00371786
5.6875e+08	0.00465202
5.73828e+08	0.0056499
5.78906e+08	0.00700853
5.83984e+08	0.00892175
5.89062e+08	0.0111164
5.94141e+08	0.0125278
5.99219e+08	0.0154599
6.04297e+08	0.0204856
6.09375e+08	0.0268346
6.14453e+08	0.0345191
6.19531e+08	0.0427335
6.24609e+08	0.0506765
6.29688e+08	0.0597486
6.34766e+08	0.0686456
6.39844e+08	0.0759006
6.44922e+08	0.0806847
6.5e+08	0.0878297
6.55078e+08	0.0988648
6.60156e+08	0.110876
6.65234e+08	0.110413
6.70312e+08	0.106535
6.75391e+08	0.103496
6.80469e+08	0.105398
6.85547e+08	0.102262
6.90625e+08	0.101978
6.95703e+08	0.106923
7.00781e+08	0.110808
7.05859e+08	0.0988863
7.10938e+08	0.0868503
7.16016e+08	0.0881644
7.21094e+08	0.0866182
7.26172e+08	0.0777624
7.3125e+08	0.0687687
7.36328e+08	0.0710802
7.41406e+08	0.0752058
7.46484e+08	0.0728493
7.51562e+08	0.0654037
7.56641e+08	0.0590803
7.61719e+08	0.0589055
7.66797e+08	0.0587128
7.71875e+08	0.058991
7.76953e+08	0.065482
7.82031e+08	0.0701842
7.87109e+08	0.0681743
7.92188e+08	0.060308
7.97266e+08	0.0537323
8.02344e+08	0.0461039
8.07422e+08	0.0398684
8.125e+08	0.0359908
8.17578e+08	0.0361856
8.22656e+08	0.0384474
8.27734e+08	0.0409791
8.32812e+08	0.0420664
8.37891e+08	0.0415943
8.42969e+08	0.0396862
8.48047e+08	0.0346504
8.53125e+08	0.0310873
8.58203e+08	0.0295418
8.63281e+08	0.0298153
8.68359e+08	0.031417
8.73438e+08	0.0308358
8.78516e+08	0.0308649
8.83594e+08	0.0337696
8.88672e+08	0.0469073
8.9375e+08	0.0560964
8.98828e+08	0.0541976
9.03906e+08	0.0484297
9.08984e+08	0.0491503
9.14062e+08	0.051512
9.19141e+08	0.0532217
9.24219e+08	0.0525582
9.29297e+08	0.0550035
9.34375e+08	0.059397
9.39453e+08	0.0613613
9.44531e+08	0.0593222
9.49609e+08	0.0594951
9.54688e+08	0.0592802
9.59766e+08	0.058963
9.64844e+08	0.0557102
9.69922e+08	0.0552885
9.75e+08	0.0549022
9.80078e+08	0.0562391
9.85156e+08	0.0543107
9.90234e+08	0.0515675
9.95312e+08	0.0485077
1.00039e+09	0.0403293
1.00547e+09	0.0383506
1.01055e+09	0.0377636
1.01562e+09	0.0384313
1.0207e+09	0.0391737
1.02578e+09	0.0425032
1.03086e+09	0.0462413
1.03594e+09	0.0481517
1.04102e+09	0.0510651
1.04609e+09	0.0465285
1.05117e+09	0.0404181
1.05625e+09	0.0350919
1.06133e+09	0.0283986
1.06641e+09	0.0256508
1.07148e+09	0.023673
1.07656e+09	0.0219154
1.08164e+09	0.0197708
1.08672e+09	0.0171273
1.0918e+09	0.0141161
1.09688e+09	0.0111799
1.10195e+09	0.00863417
1.10703e+09	0.00671795
1.11211e+09	0.00531728
1.11719e+09	0.00428758
1.12227e+09	0.00343034
1.12734e+09	0.00272879
1.13242e+09	0.00216166
1.1375e+09	0.00168122
1.14258e+09	0.00128958
1.14766e+09	0.00101224
1.15273e+09	0.000814511
1.15781e+09	0.000664075
1.16289e+09	0.000566707
1.16797e+09	0.000471241
1.17305e+09	0.000393494
1.17812e+09	0.000328058
1.1832e+09	0.000201672
1.18828e+09	0.000173277
1.19336e+09	0.00015199
1.19844e+09	0.000138236
1.20352e+09	0.000114281
1.20859e+09	0.000108802
1.21367e+09	0.000103738
1.21875e+09	9.95891e-05
1.22383e+09	0
1.22891e+09	0
1.23398e+09	0
1.23906e+09	0
1.24414e+09	0
1.24922e+09	0
1.2543e+09	0
1.25938e+09	0
1.26445e+09	0
1.26953e+09	0
1.27461e+09	0
1.27969e+09	0
1.28477e+09	0
1.28984e+09	0
1.29492e+09	0
Freq. (Hz) 	 V/sqrt(Hz) 
0	0
5.07812e+06	0
1.01562e+07	0
1.52344e+07	0
2.03125e+07	0
2.53906e+07	0
3.04688e+07	0
3.55469e+07	0
4.0625e+07	0
4.57031e+07	0
5.07812e+07	0
5.58594e+07	0
6.09375e+07	0
6.60156e+07	0
7.10938e+07	0
7.61719e+07	0
8.125e+07	0
8.63281e+07	0
9.14062e+07	0
9.64844e+07	0
1.01562e+08	0
1.06641e+08	0
1.11719e+08	0
1.16797e+08	0
1.21875e+08	0
1.26953e+08	0
1.32031e+08	0
1.37109e+08	0
1.42188e+08	0
1.47266e+08	0
1.52344e+08	0
1.57422e+08	0
1.625e+08	0
1.67578e+08	0
1.72656e+08	0
1.77734e+08	0
1.82812e+08	6.60022e-96
1.87891e+08	6.60022e-96
1.92969e+08	6.60022e-96
1.98047e+08	6.60022e-96
2.03125e+08	6.39028e-96
2.08203e+08	6.18123e-96
2.13281e+08	6.39028e-96
2.18359e+08	6.39028e-96
2.23438e+08	6.24529e-96
2.28516e+08	6.55203e-96
2.33594e+08	6.55203e-96
2.38672e+08	6.55203e-96
2.4375e+08	6.65448e-96
2.48828e+08	6.65448e-96
2.53906e+08	6.65448e-96
2.58984e+08	6.65448e-96
2.64062e+08	6.68998e-96
2.69141e+08	6.63689e-96
2.74219e+08	6.36386e-96
2.79297e+08	6.31652e-96
2.84375e+08	5.73138e-96
2.89453e+08	4.99793e-96
2.94531e+08	4.80382e-96
2.99609e+08	5.09896e-96
3.04688e+08	5.34852e-96
3.09766e+08	5.06157e-96
3.14844e+08	4.88576e-96
3.19922e+08	4.91743e-96
3.25e+08	4.78178e-96
3.30078e+08	4.51534e-96
3.35156e+08	4.46969e-96
3.40234e+08	4.98441e-96
3.45312e+08	5.08447e-96
3.50391e+08	4.86785e-96
3.55469e+08	4.53128e-96
3.60547e+08	4.38015e-96
3.65625e+08	4.33992e-96
3.70703e+08	4.2174e-96
3.75781e+08	4.10565e-96
3.80859e+08	4.10755e-96
3.85938e+08	4.33116e-96
3.91016e+08	4.56683e-96
3.96094e+08	4.67807e-96
4.01172e+08	4.92157e-96
4.0625e+08	5.00125e-96
4.11328e+08	4.76031e-96
4.16406e+08	4.23688e-96
4.21484e+08	4.00272e-96
4.26562e+08	4.00975e-96
4.31641e+08	4.18182e-96
4.36719e+08	4.54067e-96
4.41797e+08	4.62756e-96
4.46875e+08	4.55716e-96
4.51953e+08	4.38487e-96
4.57031e+08	4.30915e-96
4.62109e+08	4.59582e-96
4.67188e+08	4.76766e-96
4.72266e+08	4.52717e-96
4.77344e+08	4.41449e-96
4.82422e+08	4.53503e-96
4.875e+08	4.71539e-96
4.92578e+08	4.59599e-96
4.97656e+08	4.60442e-96
5.02734e+08	4.80587e-96
5.07812e+08	5.12388e-96
5.12891e+08	5.30555e-96
5.17969e+08	5.17415e-96
5.23047e+08	5.1106e-96
5.28125e+08	4.98738e-96
5.33203e+08	4.70971e-96
5.38281e+08	4.43862e-96
5.43359e+08	4.32095e-96
5.48438e+08	4.38354e-96
5.53516e+08	4.5042e-96
5.58594e+08	4.65356e-96
5.63672e+08	4.7891e-96
5.6875e+08	4.72043e-96
5.73828e+08	4.53584e-96
5.78906e+08	4.4982e-96
5.83984e+08	4.71587e-96
5.89062e+08	4.94497e-96
5.94141e+08	4.78534e-96
5.99219e+08	4.66463e-96
6.04297e+08	5.15595e-96
6.09375e+08	5.47474e-96
6.14453e+08	5.60096e-96
6.19531e+08	5.58964e-96
6.24609e+08	5.57957e-96
6.29688e+08	5.81086e-96
6.34766e+08	6.19598e-96
6.39844e+08	6.52165e-96
6.44922e+08	6.56049e-96
6.5e+08	6.57719e-96
6.55078e+08	6.74459e-96
6.60156e+08	6.8844e-96
6.65234e+08	6.42516e-96
6.70312e+08	6.08658e-96
6.75391e+08	6.05937e-96
6.80469e+08	6.37237e-96
6.85547e+08	6.39557e-96
6.90625e+08	6.4998e-96
6.95703e+08	6.80006e-96
7.00781e+08	6.90807e-96
7.05859e+08	6.12225e-96
7.10938e+08	5.39695e-96
7.16016e+08	5.53307e-96
7.21094e+08	5.48438e-96
7.26172e+08	4.9511e-96
7.3125e+08	4.34125e-96
7.36328e+08	4.36511e-96
7.41406e+08	4.48987e-96
7.46484e+08	4.2518e-96
7.51562e+08	3.81218e-96
7.56641e+08	3.46118e-96
7.61719e+08	3.41252e-96
7.66797e+08	3.26284e-96
7.71875e+08	3.04821e-96
7.76953e+08	3.0723e-96
7.82031e+08	3.02685e-96
7.87109e+08	2.84886e-96
7.92188e+08	2.60384e-96
7.97266e+08	2.52819e-96
8.02344e+08	2.45078e-96
8.07422e+08	2.3537e-96
8.125e+08	2.23307e-96
8.17578e+08	2.21906e-96
8.22656e+08	2.18774e-96
8.27734e+08	2.089e-96
8.32812e+08	1.93259e-96
8.37891e+08	1.77499e-96
8.42969e+08	1.63539e-96
8.48047e+08	1.46857e-96
8.53125e+08	1.40429e-96
8.58203e+08	1.44065e-96
8.63281e+08	1.54678e-96
8.68359e+08	1.68e-96
8.73438e+08	1.59107e-96
8.78516e+08	1.46717e-96
8.83594e+08	1.42805e-96
8.88672e+08	1.73957e-96
8.9375e+08	1.79209e-96
8.98828e+08	1.66695e-96
9.03906e+08	1.48976e-96
9.08984e+08	1.56985e-96
9.14062e+08	1.73023e-96
9.19141e+08	1.86315e-96
9.24219e+08	1.86192e-96
9.29297e+08	1.93456e-96
9.34375e+08	2.04436e-96
9.39453e+08	2.05297e-96
9.44531e+08	1.93675e-96
9.49609e+08	1.93675e-96
9.54688e+08	1.93675e-96
9.59766e+08	1.93675e-96
9.64844e+08	1.83779e-96
9.69922e+08	1.83779e-96
9.75e+08	1.83779e-96
9.80078e+08	1.91719e-96
9.85156e+08	1.91719e-96
9.90234e+08	1.91719e-96
9.95312e+08	1.91719e-96
1.00039e+09	1.69088e-96
1.00547e+09	1.69088e-96
1.01055e+09	1.69088e-96
1.01562e+09	1.69088e-96
1.0207e+09	1.63121e-96
1.02578e+09	1.63121e-96
1.03086e+09	1.63121e-96
1.03594e+09	1.63121e-96
1.04102e+09	1.78075e-96
1.04609e+09	1.78075e-96
1.05117e+09	1.78075e-96
1.05625e+09	1.78075e-96
1.06133e+09	1.62741e-96
1.06641e+09	1.62741e-96
1.07148e+09	1.62741e-96
1.07656e+09	1.62741e-96
1.08164e+09	1.62023e-96
1.08672e+09	1.62023e-96
1.0918e+09	1.62023e-96
1.09688e+09	1.62023e-96
1.10195e+09	1.59257e-96
1.10703e+09	1.59257e-96
1.11211e+09	1.59257e-96
1.11719e+09	1.59257e-96
1.12227e+09	1.56676e-96
1.12734e+09	1.56676e-96
1.13242e+09	1.56676e-96
1.1375e+09	1.56676e-96
1.14258e+09	1.54032e-96
1.14766e+09	1.54032e-96
1.15273e+09	1.54032e-96
1.15781e+09	1.54032e-96
1.16289e+09	1.58028e-96
1.16797e+09	1.58028e-96
1.17305e+09	1.58028e-96
1.17812e+09	1.58028e-96
1.1832e+09	1.25428e-96
1.18828e+09	1.25428e-96
1.19336e+09	1.25428e-96
1.19844e+09	1.25428e-96
1.20352e+09	1.11639e-96
1.20859e+09	1.11639e-96
1.21367e+09	1.11639e-96
1.21875e+09	1.11639e-96
1.22383e+09	0
1.22891e+09	0
1.23398e+09	0
1.23906e+09	0
1.24414e+09	0
1.24922e+09	0
1.2543e+09	0
1.25938e+09	0
1.26445e+09	0
1.26953e+09	0
1.27461e+09	0
1.27969e+09	0
1.28477e+09	0
1.28984e+09	0
1.29492e+09	0
Freq. (Hz) 	 V/sqrt(Hz) 
0	0
5.07812e+06	0
1.01562e+07	0
1.52344e+07	0
2.03125e+07	0
2.53906e+07	0
3.04688e+07	0
3.55469e+07	0
4.0625e+07	0
4.57031e+07	0
5.07812e+07	0
5.58594e+07	0
6.09375e+07	0
6.60156e+07	0
7.10938e+07	0
7.61719e+07	0
8.125e+07	0
8.63281e+07	0
9.14062e+07	0
9.64844e+07	0
1.01562e+08	0
1.06641e+08	0
1.11719e+08	0
1.16797e+08	0
1.21875e+08	0
1.26953e+08	0
1.32031e+08	0
1.37109e+08	0
1.42188e+08	0
1.47266e+08	0
1.52344e+08	0
1.57422e+08	0
1.625e+08	0
1.67578e+08	0
1.72656e+08	0
1.77734e+08	0
1.82812e+08	0.169953
1.87891e+08	0.151635
1.92969e+08	0.134211
1.98047e+08	0.141961
2.03125e+08	0.159287
2.08203e+08	0.15752
2.13281e+08	0.167144
2.18359e+08	0.184876
2.23438e+08	0.187985
2.28516e+08	0.189145
2.33594e+08	0.172626
2.38672e+08	0.166765
2.4375e+08	0.172792
2.48828e+08	0.189957
2.53906e+08	0.195292
2.58984e+08	0.18805
2.64062e+08	0.176423
2.69141e+08	0.170657
2.74219e+08	0.162476
2.79297e+08	0.178089
2.84375e+08	0.181714
2.89453e+08	0.166096
2.94531e+08	0.15627
2.99609e+08	0.151266
3.04688e+08	0.149559
3.09766e+08	0.136825
3.14844e+08	0.133248
3.19922e+08	0.137047
3.25e+08	0.135332
3.30078e+08	0.114372
3.35156e+08	0.110004
3.40234e+08	0.127851
3.45312e+08	0.137996
3.50391e+08	0.129407
3.55469e+08	0.12582
3.60547e+08	0.115358
3.65625e+08	0.0981775
3.70703e+08	0.0841229
3.75781e+08	0.0773094
3.80859e+08	0.073143
3.85938e+08	0.0831141
3.91016e+08	0.108391
3.96094e+08	0.128235
4.01172e+08	0.14248
4.0625e+08	0.153193
4.11328e+08	0.135355
4.16406e+08	0.101292
4.21484e+08	0.0798261
4.26562e+08	0.0705598
4.31641e+08	0.0669138
4.36719e+08	0.071448
4.41797e+08	0.0763857
4.46875e+08	0.0825115
4.51953e+08	0.0878288
4.57031e+08	0.0889615
4.62109e+08	0.0923152
4.67188e+08	0.083673
4.72266e+08	0.0725801
4.77344e+08	0.0620812
4.82422e+08	0.0596389
4.875e+08	0.0633677
4.92578e+08	0.0744491
4.97656e+08	0.0915177
5.02734e+08	0.108919
5.07812e+08	0.121784
5.12891e+08	0.119399
5.17969e+08	0.100101
5.23047e+08	0.0803641
5.28125e+08	0.0705492
5.33203e+08	0.0606323
5.38281e+08	0.0546372
5.43359e+08	0.0520283
5.48438e+08	0.0523993
5.53516e+08	0.0518046
5.58594e+08	0.0542357
5.63672e+08	0.0584634
5.6875e+08	0.0607633
5.73828e+08	0.0617288
5.78906e+08	0.0671799
5.83984e+08	0.0748397
5.89062e+08	0.0837807
5.94141e+08	0.0811096
5.99219e+08	0.0774582
6.04297e+08	0.0818707
6.09375e+08	0.0789703
6.14453e+08	0.0794863
6.19531e+08	0.0838038
6.24609e+08	0.0881943
6.29688e+08	0.108358
6.34766e+08	0.139239
6.39844e+08	0.156353
6.44922e+08	0.149247
6.5e+08	0.137537
6.55078e+08	0.117073
6.60156e+08	0.102267
6.65234e+08	0.0889332
6.70312e+08	0.0887387
6.75391e+08	0.102237
6.80469e+08	0.123226
6.85547e+08	0.132035
6.90625e+08	0.137411
6.95703e+08	0.136443
7.00781e+08	0.120256
7.05859e+08	0.0996577
7.10938e+08	0.0865463
7.16016e+08	0.0858354
7.21094e+08	0.0890445
7.26172e+08	0.0814801
7.3125e+08	0.0674706
7.36328e+08	0.0633994
7.41406e+08	0.0637359
7.46484e+08	0.0612651
7.51562e+08	0.0578354
7.56641e+08	0.0579181
7.61719e+08	0.0646183
7.66797e+08	0.0695513
7.71875e+08	0.0705221
7.76953e+08	0.0726663
7.82031e+08	0.0666117
7.87109e+08	0.0558613
7.92188e+08	0.0475713
7.97266e+08	0.0442528
8.02344e+08	0.0448233
8.07422e+08	0.0504059
8.125e+08	0.0561905
8.17578e+08	0.0571992
8.22656e+08	0.0538387
8.27734e+08	0.0463957
8.32812e+08	0.0376426
8.37891e+08	0.0313586
8.42969e+08	0.0301107
8.48047e+08	0.028623
8.53125e+08	0.0301486
8.58203e+08	0.0333902
8.63281e+08	0.0370134
8.68359e+08	0.0382576
8.73438e+08	0.0361026
8.78516e+08	0.0322286
8.83594e+08	0.0303959
8.88672e+08	0.0363221
8.9375e+08	0.0378582
8.98828e+08	0.0343433
9.03906e+08	0.0312347
9.08984e+08	0.0345396
9.14062e+08	0.0391547
9.19141e+08	0.0432223
9.24219e+08	0.0432465
9.29297e+08	0.04457
9.34375e+08	0.0450928
9.39453e+08	0.0436438
9.44531e+08	0.0403222
9.49609e+08	0.0400133
9.54688e+08	0.0409274
9.59766e+08	0.0418865
9.64844e+08	0.0429158
9.69922e+08	0.0462175
9.75e+08	0.0507676
9.80078e+08	0.0588743
9.85156e+08	0.0627676
9.90234e+08	0.0629022
9.95312e+08	0.060897
1.00039e+09	0.0505501
1.00547e+09	0.0465417
1.01055e+09	0.045993
1.01562e+09	0.0468222
1.0207e+09	0.0503189
1.02578e+09	0.0570021
1.03086e+09	0.0642586
1.03594e+09	0.0708241
1.04102e+09	0.0833589
1.04609e+09	0.0794478
1.05117e+09	0.072484
1.05625e+09	0.0655227
1.06133e+09	0.0542008
1.06641e+09	0.0506076
1.07148e+09	0.0502014
1.07656e+09	0.0521034
1.08164e+09	0.0551071
1.08672e+09	0.0576219
1.0918e+09	0.0571607
1.09688e+09	0.0525372
1.10195e+09	0.0461815
1.10703e+09	0.0395537
1.11211e+09	0.0337892
1.11719e+09	0.0293973
1.12227e+09	0.026814
1.12734e+09	0.0260077
1.13242e+09	0.0256355
1.1375e+09	0.0262774
1.14258e+09	0.025946
1.14766e+09	0.0253922
1.15273e+09	0.0229177
1.15781e+09	0.0202956
1.16289e+09	0.0175111
1.16797e+09	0.015769
1.17305e+09	0.0145681
1.17812e+09	0.0143292
1.1832e+09	0.01188
1.18828e+09	0.0125795
1.19336e+09	0.0128172
1.19844e+09	0.0115623
1.20352e+09	0.00890381
1.20859e+09	0.00776723
1.21367e+09	0.0064954
1.21875e+09	0.00575779
1.22383e+09	0
1.22891e+09	0
1.23398e+09	0
1.23906e+09	0
1.24414e+09	0
1.24922e+09	0
1.2543e+09	0
1.25938e+09	0
1.26445e+09	0
1.26953e+09	0
1.27461e+09	0
1.27969e+09	0
1.28477e+09	0
1.28984e+09	0
1.29492e+09	0
