19.8953
15.1708
15.2729
18.3121
10.35
11.0706
12.4237
12.4231
1
20.1263
18.5847
11.3976
17.5801
10.3824
12.5031
11.3089
12.8009
1
18.5395
14.7897
12.984
16.8364
10.1508
9.66346
10.5423
11.363
1
19.2784
15.5464
13.7216
15.4739
9.66827
10.1933
9.99561
10.9738
1
16.9402
11.9928
14.2154
15.9556
11.626
17.827
11.6847
11.163
1
17.9018
16.5572
16.2487
16.383
10.8644
11.5247
11.1781
11.1641
1
18.6736
18.5838
16.1279
18.8385
10.4357
12.9608
12.2482
13.0748
1
16.749
17.2289
14.7427
17.0458
12.1857
12.0327
10.7885
12.7075
1
14.8019
16.2925
14.2458
17.7128
10.3841
10.714
10.4394
11.6156
1
20.2048
15.1812
14.5575
16.0206
11.6958
11.5311
10.3357
11.9452
1
17.3576
14.5235
13.9204
15.9007
10.6235
10.4591
10.9418
12.8669
1
22.0251
17.6437
15.645
16.0851
11.2802
11.9394
10.7919
11.5423
1
