-1  0  34.111094460  0.000000000
-1  0  30.653808940  0.000000000
-1  0  26.930569530  0.000000000
-1  0  22.944560100  0.003115232
-1  0  18.709527130  0.018954030
-1  0  14.251741390  0.019314044
-1  0  9.610916937  0.039904878
-1  0  4.839500791  0.092823715
-1  0  2.424073954  0.538690348
-1  0  0.000000000  99.006880382
-1  0  -2.424073954  0.795604206
-1  0  -4.839500791  0.149080512
-1  0  -9.610916937  0.042121815
-1  0  -14.251741390  0.012071277
-1  0  -18.709527130  0.010830874
-1  0  -22.944560100  0.006230465
-1  0  -26.930569530  0.003660767
-1  0  -30.653808940  0.000000000
-1  0  -34.111094460  0.000000000
-1  10  44.111094460  0.000000000
-1  10  40.653808940  0.000000000
-1  10  36.930569530  0.003660767
-1  10  32.944560100  0.006230465
-1  10  28.709527130  0.024369467
-1  10  24.251741390  0.028971066
-1  10  19.610916940  0.064291192
-1  10  14.839500790  64.695316267
-1  10  12.424073950  1.180974993
-1  10  10.000000000  0.173262041
-1  10  7.575926046  0.082875438
-1  10  5.160499209  0.053443957
-1  10  0.389083063  0.039904878
-1  10  -4.251741387  0.012071277
-1  10  -8.709527134  0.008123156
-1  10  -12.944560100  0.006230465
-1  10  -16.930569530  0.003660767
-1  10  -20.653808940  0.000000000
-1  10  -24.111094460  0.000000000
-1  20  54.111094460  0.000000000
-1  20  50.653808940  0.004375011
-1  20  46.930569530  0.007321533
-1  20  42.944560100  0.012460930
-1  20  38.709527130  0.043323497
-1  20  34.251741390  0.214517894
-1  20  31.951207990  90.667691686
-1  20  29.610916940  1.951166258
-1  20  24.839500790  0.163144711
-1  20  22.424073950  0.045581491
-1  20  20.000000000  0.041252867
-1  20  17.575926050  0.037293947
-1  20  15.160499210  0.047818277
-1  20  10.389083060  0.033254065
-1  20  5.748258613  0.007242766
-1  20  1.290472866  0.005415437
-1  20  -2.944560105  0.003115232
-1  20  -6.930569533  0.000000000
-1  20  -10.653808940  0.000000000
-1  20  -14.111094460  0.000000000
-1  30  64.111094460  0.000000000
-1  30  60.653808940  0.008750023
-1  30  56.930569530  0.018303833
-1  30  52.944560100  0.137070226
-1  30  48.709527130  19.712190933
-1  30  44.251741390  0.098984475
-1  30  39.610916940  0.031037127
-1  30  34.839500790  0.087198035
-1  30  32.424073950  0.029006403
-1  30  30.000000000  0.024751720
-1  30  27.575926050  0.024862631
-1  30  25.160499210  0.056256797
-1  30  20.389083060  0.026603252
-1  30  15.748258610  0.007242766
-1  30  11.290472870  0.005415437
-1  30  7.055439895  0.003115232
-1  30  3.069430467  0.000000000
-1  30  -0.653808943  0.000000000
-1  30  -4.111094457  0.000000000
-1  40  77.307400660  3.428788247
-1  40  74.111094460  1.346176968
-1  40  70.653808940  0.621004385
-1  40  66.930569530  0.069554564
-1  40  62.944560100  0.059189416
-1  40  58.709527130  0.040615778
-1  40  54.251741390  0.024142555
-1  40  49.610916940  0.019952439
-1  40  44.839500790  0.059069637
-1  40  42.424073950  0.020718860
-1  40  40.000000000  0.020626433
-1  40  37.575926050  0.020718860
-1  40  35.160499210  0.067508156
-1  40  30.389083060  0.002216938
-1  40  25.748258610  0.000000000
-1  40  21.290472870  0.000000000
-1  40  17.055439900  0.012460930
-1  40  13.069430470  0.014643066
-1  40  9.346191057  0.008750023
-1  40  5.888905543  0.000000000
-1  50  84.111094460  0.000000000
-1  50  80.653808940  0.000000000
-1  50  76.930569530  0.000000000
-1  50  72.944560100  0.000000000
-1  50  68.709527130  0.000000000
-1  50  64.251741390  0.000000000
-1  50  59.610916940  0.000000000
-1  50  54.839500790  0.000000000
-1  50  52.424073950  0.000000000
-1  50  50.000000000  0.000000000
-1  50  47.575926050  0.000000000
-1  50  45.160499210  0.000000000
-1  50  40.389083060  0.000000000
-1  50  35.748258610  0.000000000
-1  50  31.290472870  0.000000000
-1  50  27.055439900  0.000000000
-1  50  23.069430470  0.010982300
-1  50  19.346191060  0.026250068
-1  50  15.888905540  0.000644527
-1  60  94.111094460  -0.000000000
-1  60  90.653808940  0.000000000
-1  60  86.930569530  0.000000000
-1  60  82.944560100  0.000000000
-1  60  78.709527130  0.000000000
-1  60  74.251741390  0.000000000
-1  60  69.610916940  0.000000000
-1  60  64.839500790  0.000000000
-1  60  62.424073950  0.000000000
-1  60  60.000000000  0.000000000
-1  60  57.575926050  0.000000000
-1  60  55.160499210  0.000000000
-1  60  50.389083060  0.000000000
-1  60  45.748258610  0.000000000
-1  60  41.290472870  0.000000000
-1  60  37.055439900  0.000000000
-1  60  33.069430470  0.000000000
-1  60  29.346191060  0.000000000
-1  60  25.888905540  0.000000000
-1  70  104.111094500  -0.000000000
-1  70  100.653808900  0.000000000
-1  70  96.930569530  0.000000000
-1  70  92.944560100  0.000000000
-1  70  88.709527130  0.000000000
-1  70  84.251741390  0.000000000
-1  70  79.610916940  0.000000000
-1  70  74.839500790  0.000000000
-1  70  72.424073950  0.000000000
-1  70  70.000000000  0.000000000
-1  70  67.575926050  0.000000000
-1  70  65.160499210  0.000000000
-1  70  60.389083060  0.000000000
-1  70  55.748258610  0.000000000
-1  70  51.290472870  0.000000000
-1  70  47.055439900  0.000000000
-1  70  43.069430470  0.000000000
-1  70  39.346191060  0.000000000
-1  70  35.888905540  0.000000000
400  0  34.111094460  0.000000000
400  0  30.653808940  0.000000000
400  0  26.930569530  0.003660767
400  0  22.944560100  0.009345697
400  0  18.709527130  0.027077185
400  0  14.251741390  0.060356387
400  0  9.610916937  0.135233197
400  0  4.839500791  0.390984738
400  0  2.424073954  0.675434820
400  0  0.000000000  0.849809057
400  0  -2.424073954  0.874335872
400  0  -4.839500791  0.433177335
400  0  -9.610916937  0.179571950
400  0  -14.251741390  0.072427664
400  0  -18.709527130  0.032492622
400  0  -22.944560100  0.015576162
400  0  -26.930569530  0.003660767
400  0  -30.653808940  0.000000000
400  0  -34.111094460  0.000000000
400  10  44.111094460  0.000000000
400  10  40.653808940  0.000000000
400  10  36.930569530  0.007321533
400  10  32.944560100  0.028037092
400  10  28.709527130  0.073108401
400  10  24.251741390  0.135198307
400  10  19.610916940  0.263815581
400  10  14.839500790  0.509124011
400  10  12.424073950  0.787316662
400  10  10.000000000  0.664171156
400  10  7.575926046  0.526259032
400  10  5.160499209  0.239091387
400  10  0.389083063  0.044338753
400  10  -4.251741387  0.033799577
400  10  -8.709527134  0.016246311
400  10  -12.944560100  0.006230465
400  10  -16.930569530  0.000000000
400  10  -20.653808940  0.000000000
400  10  -24.111094460  0.000000000
400  20  54.111094460  0.000000000
400  20  50.653808940  0.008750023
400  20  46.930569530  0.021964599
400  20  42.944560100  0.059189416
400  20  38.709527130  0.129970490
400  20  34.251741390  0.234182782
400  20  29.610916940  0.319239022
400  20  24.839500790  0.376920538
400  20  22.424073950  0.426808506
400  20  20.000000000  0.330022935
400  20  17.575926050  0.207188595
400  20  15.160499210  0.104075074
400  20  10.389083060  0.035471003
400  20  5.748258613  0.014485533
400  20  1.290472866  0.008123156
400  20  -2.944560105  0.000000000
400  20  -6.930569533  0.000000000
400  20  -10.653808940  0.000000000
400  20  -14.111094460  0.000000000
400  30  64.111094460  0.000637969
400  30  60.653808940  0.013125034
400  30  56.930569530  0.043929199
400  30  52.944560100  0.109033134
400  30  48.709527130  0.176001705
400  30  44.251741390  0.197968950
400  30  39.610916940  0.192873576
400  30  34.839500790  0.185647429
400  30  32.424073950  0.198901052
400  30  30.000000000  0.144385034
400  30  27.575926050  0.091162982
400  30  25.160499210  0.042192598
400  30  20.389083060  0.013301626
400  30  15.748258610  0.007242766
400  30  11.290472870  0.002707718
400  30  7.055439895  0.000000000
400  30  3.069430467  0.000000000
400  30  -0.653808943  0.000000000
400  30  -4.111094457  0.000000000
400  40  74.111094460  0.001000091
400  40  70.653808940  0.017500045
400  40  66.930569530  0.047589965
400  40  62.944560100  0.096572205
400  40  58.709527130  0.140801364
400  40  54.251741390  0.130369796
400  40  49.610916940  0.097545257
400  40  44.839500790  0.075946676
400  40  42.424073950  0.091162982
400  40  40.000000000  0.070129874
400  40  37.575926050  0.053869035
400  40  35.160499210  0.025315558
400  40  30.389083060  0.011084688
400  40  25.748258610  0.004828511
400  40  21.290472870  0.002707718
400  40  17.055439900  0.000000000
400  40  13.069430470  0.000000000
400  40  9.346191057  0.000000000
400  40  5.888905543  0.000000000
400  50  84.111094460  0.000000000
400  50  80.653808940  0.004375011
400  50  76.930569530  0.029286132
400  50  72.944560100  0.043613254
400  50  68.709527130  0.067692963
400  50  64.251741390  0.065184898
400  50  59.610916940  0.055423441
400  50  54.839500790  0.045005437
400  50  52.424073950  0.049725263
400  50  50.000000000  0.041252867
400  50  47.575926050  0.029006403
400  50  45.160499210  0.014064199
400  50  40.389083060  0.006650813
400  50  35.748258610  0.004828511
400  50  31.290472870  0.002707718
400  50  27.055439900  0.000000000
400  50  23.069430470  0.000000000
400  50  19.346191060  0.000000000
400  50  15.888905540  0.000000000
400  60  94.111094460  -0.000000000
400  60  90.653808940  0.000000000
400  60  86.930569530  0.000000000
400  60  82.944560100  0.012460930
400  60  78.709527130  0.021661748
400  60  74.251741390  0.028971066
400  60  69.610916940  0.024386314
400  60  64.839500790  0.025315558
400  60  62.424073950  0.029006403
400  60  60.000000000  0.028877007
400  60  57.575926050  0.020718860
400  60  55.160499210  0.011251359
400  60  50.389083060  0.006650813
400  60  45.748258610  0.004828511
400  60  41.290472870  0.002707718
400  60  37.055439900  0.000000000
400  60  33.069430470  0.000000000
400  60  29.346191060  0.000000000
400  60  25.888905540  0.000000000
400  70  104.111094500  -0.000000000
400  70  100.653808900  0.000000000
400  70  96.930569530  0.000000000
400  70  92.944560100  0.000000000
400  70  88.709527130  0.000000000
400  70  84.251741390  0.007242766
400  70  79.610916940  0.013301626
400  70  74.839500790  0.016877039
400  70  72.424073950  0.024862631
400  70  70.000000000  0.020626433
400  70  67.575926050  0.020718860
400  70  65.160499210  0.011251359
400  70  60.389083060  0.006650813
400  70  55.748258610  0.004828511
400  70  51.290472870  0.002707718
400  70  47.055439900  0.003115232
400  70  43.069430470  0.000000000
400  70  39.346191060  0.000000000
400  70  35.888905540  0.000000000
1000  0  34.111094460  0.000305795
1000  0  30.653808940  0.004375011
1000  0  26.930569530  0.003660767
1000  0  22.944560100  0.009345697
1000  0  18.709527130  0.021661748
1000  0  14.251741390  0.050699365
1000  0  9.610916937  0.126365446
1000  0  4.839500791  0.421925976
1000  0  2.424073954  1.201693853
1000  0  0.000000000  2.087395061
1000  0  -2.424073954  1.951716567
1000  0  -4.839500791  0.756653917
1000  0  -9.610916937  0.181788887
1000  0  -14.251741390  0.074841920
1000  0  -18.709527130  0.032492622
1000  0  -22.944560100  0.015576162
1000  0  -26.930569530  0.007321533
1000  0  -30.653808940  0.004375011
1000  0  -34.111094460  0.000000000
1000  10  44.111094460  0.000370014
1000  10  40.653808940  0.004375011
1000  10  36.930569530  0.010982300
1000  10  32.944560100  0.024921859
1000  10  28.709527130  0.062277526
1000  10  24.251741390  0.147269584
1000  10  19.610916940  0.392397964
1000  10  14.839500790  1.673639704
1000  10  12.424073950  1.504189202
1000  10  10.000000000  0.936440078
1000  10  7.575926046  0.625709558
1000  10  5.160499209  0.216588668
1000  10  0.389083063  0.059857317
1000  10  -4.251741387  0.031385321
1000  10  -8.709527134  0.013538593
1000  10  -12.944560100  0.009345697
1000  10  -16.930569530  0.003660767
1000  10  -20.653808940  0.000000000
1000  10  -24.111094460  0.000000000
1000  20  54.111094460  0.000468376
1000  20  50.653808940  0.013125034
1000  20  46.930569530  0.032946899
1000  20  42.944560100  0.077880810
1000  20  38.709527130  0.178709423
1000  20  34.251741390  0.436980243
1000  20  29.610916940  0.758192677
1000  20  24.839500790  0.497872651
1000  20  22.424073950  0.451671138
1000  20  20.000000000  0.292895355
1000  20  17.575926050  0.174038420
1000  20  15.160499210  0.073133836
1000  20  10.389083060  0.024386314
1000  20  5.748258613  0.012071277
1000  20  1.290472866  0.005415437
1000  20  -2.944560105  0.003115232
1000  20  -6.930569533  0.000000000
1000  20  -10.653808940  0.000000000
1000  20  -14.111094460  0.000000000
1000  30  64.111094460  0.001913908
1000  30  60.653808940  0.035000091
1000  30  56.930569530  0.065893798
1000  30  52.944560100  0.165107317
1000  30  48.709527130  0.335757098
1000  30  44.251741390  0.364552578
1000  30  39.610916940  0.248297017
1000  30  34.839500790  0.174396070
1000  30  32.424073950  0.182325964
1000  30  30.000000000  0.119633314
1000  30  27.575926050  0.078731666
1000  30  25.160499210  0.033754078
1000  30  20.389083060  0.013301626
1000  30  15.748258610  0.007242766
1000  30  11.290472870  0.005415437
1000  30  7.055439895  0.003115232
1000  30  3.069430467  0.000000000
1000  30  -0.653808943  0.000000000
1000  30  -4.111094457  0.000000000
1000  40  74.111094460  0.014076458
1000  40  70.653808940  0.082800585
1000  40  66.930569530  0.130551137
1000  40  62.944560100  0.149531155
1000  40  58.709527130  0.181417142
1000  40  54.251741390  0.154512351
1000  40  49.610916940  0.093111381
1000  40  44.839500790  0.070320996
1000  40  42.424073950  0.087019210
1000  40  40.000000000  0.057754014
1000  40  37.575926050  0.041437719
1000  40  35.160499210  0.022502719
1000  40  30.389083060  0.008867751
1000  40  25.748258610  0.004828511
1000  40  21.290472870  0.002707718
1000  40  17.055439900  0.003115232
1000  40  13.069430470  0.000000000
1000  40  9.346191057  0.000000000
1000  40  5.888905543  0.000000000
1000  50  87.307400660  0.007367677
1000  50  84.111094460  0.030694589
1000  50  80.653808940  0.037636629
1000  50  76.930569530  0.058748012
1000  50  72.944560100  0.052958951
1000  50  68.709527130  0.062277526
1000  50  64.251741390  0.055527876
1000  50  59.610916940  0.042121815
1000  50  54.839500790  0.036566918
1000  50  52.424073950  0.041437719
1000  50  50.000000000  0.037127580
1000  50  47.575926050  0.024862631
1000  50  45.160499210  0.014064199
1000  50  40.389083060  0.006650813
1000  50  35.748258610  0.004828511
1000  50  31.290472870  0.002707718
1000  50  27.055439900  0.003115232
1000  50  23.069430470  0.000000000
1000  50  19.346191060  0.000000000
1000  60  94.111094460  -0.000000000
1000  60  90.653808940  0.000000000
1000  60  86.930569530  0.006527557
1000  60  82.944560100  0.009345697
1000  60  78.709527130  0.016246311
1000  60  74.251741390  0.019314044
1000  60  69.610916940  0.019952439
1000  60  64.839500790  0.022502719
1000  60  62.424073950  0.029006403
1000  60  60.000000000  0.024751720
1000  60  57.575926050  0.016575088
1000  60  55.160499210  0.011251359
1000  60  50.389083060  0.004433875
1000  60  45.748258610  0.004828511
1000  60  41.290472870  0.002707718
1000  60  37.055439900  0.003115232
1000  60  33.069430470  0.000000000
1000  60  29.346191060  0.000000000
1000  60  25.888905540  0.000000000
1000  70  104.111094500  -0.000000000
1000  70  100.653808900  0.000000000
1000  70  96.930569530  0.000000000
1000  70  92.944560100  0.000000000
1000  70  88.709527130  0.000000000
1000  70  84.251741390  0.002414256
1000  70  79.610916940  0.006650813
1000  70  74.839500790  0.011251359
1000  70  72.424073950  0.016575088
1000  70  70.000000000  0.016501147
1000  70  67.575926050  0.016575088
1000  70  65.160499210  0.011251359
1000  70  60.389083060  0.006650813
1000  70  55.748258610  0.004828511
1000  70  51.290472870  0.005415437
1000  70  47.055439900  0.003115232
1000  70  43.069430470  0.003660767
1000  70  39.346191060  0.000000000
1000  70  35.888905540  0.000000000
1000  75  104.111094500  -0.000000000
1000  75  100.653808900  0.000000000
1000  75  96.930569530  0.000000000
1000  75  92.944560100  0.000000000
1000  75  88.709527130  0.000000000
1000  75  84.251741390  0.000000000
1000  75  79.610916940  0.000000000
1000  75  74.839500790  0.002812840
1000  75  72.424073950  0.008287544
1000  75  70.000000000  0.008250573
1000  75  67.575926050  0.008287544
1000  75  65.160499210  0.005625680
1000  75  60.389083060  0.004433875
1000  75  55.748258610  0.004828511
1000  75  51.290472870  0.005415437
1000  75  47.055439900  0.003115232
1000  75  43.069430470  0.000000000
1000  75  39.346191060  0.000000000
1000  75  35.888905540  0.000000000
1500  0  34.111094460  0.000305795
1500  0  30.653808940  0.000000000
1500  0  26.930569530  0.003660767
1500  0  22.944560100  0.006230465
1500  0  18.709527130  0.021661748
1500  0  14.251741390  0.045870854
1500  0  9.610916937  0.128582384
1500  0  4.839500791  0.562567968
1500  0  2.424073954  1.819115866
1500  0  0.000000000  4.921467012
1500  0  -2.424073954  1.864697357
1500  0  -4.839500791  0.632888964
1500  0  -9.610916937  0.139667072
1500  0  -14.251741390  0.053113621
1500  0  -18.709527130  0.024369467
1500  0  -22.944560100  0.012460930
1500  0  -26.930569530  0.003660767
1500  0  -30.653808940  0.000000000
1500  0  -34.111094460  0.000000000
1500  10  44.111094460  0.000370014
1500  10  40.653808940  0.004375011
1500  10  36.930569530  0.010982300
1500  10  32.944560100  0.024921859
1500  10  28.709527130  0.070400682
1500  10  24.251741390  0.173826395
1500  10  19.610916940  0.563102163
1500  10  14.839500790  2.368411144
1500  10  12.424073950  1.346725870
1500  10  10.000000000  0.726050457
1500  10  7.575926046  0.397802103
1500  10  5.160499209  0.171583230
1500  10  0.389083063  0.042121815
1500  10  -4.251741387  0.021728299
1500  10  -8.709527134  0.010830874
1500  10  -12.944560100  0.003115232
1500  10  -16.930569530  0.000000000
1500  10  -20.653808940  0.000000000
1500  10  -24.111094460  0.000000000
1500  20  54.111094460  0.000936752
1500  20  50.653808940  0.017500045
1500  20  46.930569530  0.036607665
1500  20  42.944560100  0.093456972
1500  20  38.709527130  0.232863794
1500  20  34.251741390  0.799118565
1500  20  29.610916940  0.682816797
1500  20  24.839500790  0.393797577
1500  20  22.424073950  0.323214209
1500  20  20.000000000  0.206264334
1500  20  17.575926050  0.116025613
1500  20  15.160499210  0.059069637
1500  20  10.389083060  0.019952439
1500  20  5.748258613  0.009657022
1500  20  1.290472866  0.005415437
1500  20  -2.944560105  0.003115232
1500  20  -6.930569533  0.000000000
1500  20  -10.653808940  0.000000000
1500  20  -14.111094460  0.000000000
1500  30  64.111094460  0.002551877
1500  30  60.653808940  0.043750113
1500  30  56.930569530  0.098840697
1500  30  52.944560100  0.327099402
1500  30  48.709527130  0.495512492
1500  30  44.251741390  0.337995768
1500  30  39.610916940  0.172921137
1500  30  34.839500790  0.112513593
1500  30  32.424073950  0.116025613
1500  30  30.000000000  0.078380447
1500  30  27.575926050  0.053869035
1500  30  25.160499210  0.028128398
1500  30  20.389083060  0.011084688
1500  30  15.748258610  0.004828511
1500  30  11.290472870  0.002707718
1500  30  7.055439895  0.000000000
1500  30  3.069430467  0.000000000
1500  30  -0.653808943  0.000000000
1500  30  -4.111094457  0.000000000
1500  40  74.111094460  0.014904485
1500  40  70.653808940  0.112909888
1500  40  66.930569530  0.146870029
1500  40  62.944560100  0.143300691
1500  40  58.709527130  0.143509082
1500  40  54.251741390  0.098984475
1500  40  49.610916940  0.070942005
1500  40  44.839500790  0.053443957
1500  40  42.424073950  0.062156579
1500  40  40.000000000  0.045378154
1500  40  37.575926050  0.033150175
1500  40  35.160499210  0.016877039
1500  40  30.389083060  0.006650813
1500  40  25.748258610  0.004828511
1500  40  21.290472870  0.002707718
1500  40  17.055439900  0.000000000
1500  40  13.069430470  0.000000000
1500  40  9.346191057  0.000000000
1500  40  5.888905543  0.000000000
1500  50  87.307400660  0.007367677
1500  50  84.111094460  0.017539765
1500  50  80.653808940  0.022581978
1500  50  76.930569530  0.042429119
1500  50  72.944560100  0.046728486
1500  50  68.709527130  0.046031215
1500  50  64.251741390  0.038628088
1500  50  59.610916940  0.031037127
1500  50  54.839500790  0.025315558
1500  50  52.424073950  0.033150175
1500  50  50.000000000  0.028877007
1500  50  47.575926050  0.024862631
1500  50  45.160499210  0.011251359
1500  50  40.389083060  0.006650813
1500  50  35.748258610  0.004828511
1500  50  31.290472870  0.002707718
1500  50  27.055439900  0.000000000
1500  50  23.069430470  0.000000000
1500  50  19.346191060  0.000000000
1500  60  94.111094460  -0.000000000
1500  60  90.653808940  0.000000000
1500  60  86.930569530  0.000000000
1500  60  82.944560100  0.003115232
1500  60  78.709527130  0.010830874
1500  60  74.251741390  0.014485533
1500  60  69.610916940  0.013301626
1500  60  64.839500790  0.016877039
1500  60  62.424073950  0.020718860
1500  60  60.000000000  0.016501147
1500  60  57.575926050  0.012431316
1500  60  55.160499210  0.008438519
1500  60  50.389083060  0.004433875
1500  60  45.748258610  0.002414256
1500  60  41.290472870  0.002707718
1500  60  37.055439900  0.000000000
1500  60  33.069430470  0.000000000
1500  60  29.346191060  0.000000000
1500  60  25.888905540  0.000000000
1500  70  104.111094500  -0.000000000
1500  70  100.653808900  0.000000000
1500  70  96.930569530  0.000000000
1500  70  92.944560100  0.000000000
1500  70  88.709527130  0.000000000
1500  70  84.251741390  0.000000000
1500  70  79.610916940  0.004433875
1500  70  74.839500790  0.008438519
1500  70  72.424073950  0.012431316
1500  70  70.000000000  0.012375860
1500  70  67.575926050  0.012431316
1500  70  65.160499210  0.008438519
1500  70  60.389083060  0.004433875
1500  70  55.748258610  0.004828511
1500  70  51.290472870  0.002707718
1500  70  47.055439900  0.003115232
1500  70  43.069430470  0.000000000
1500  70  39.346191060  0.000000000
1500  70  35.888905540  0.000000000
1500  75  104.111094500  -0.000000000
1500  75  100.653808900  0.000000000
1500  75  96.930569530  0.000000000
1500  75  92.944560100  0.000000000
1500  75  88.709527130  0.000000000
1500  75  84.251741390  0.000000000
1500  75  79.610916940  0.002216938
1500  75  74.839500790  0.002812840
1500  75  72.424073950  0.008287544
1500  75  70.000000000  0.008250573
1500  75  67.575926050  0.008287544
1500  75  65.160499210  0.005625680
1500  75  60.389083060  0.004433875
1500  75  55.748258610  0.004828511
1500  75  51.290472870  0.005415437
1500  75  47.055439900  0.003115232
1500  75  43.069430470  0.003660767
1500  75  39.346191060  0.000000000
1500  75  35.888905540  0.000000000
