## GritValue  IncidentAngle(Theta_0)[deg]  ObservationAngle(Theta)[deg]  Pout[microWatt]
400  0  34.11109446  0
400  0  30.65380894 0
400  0  26.93056953 0.01411088
400  0  22.9445601  0.038415687
400  0  18.70952713 0.117688532
400  0  14.25174139 0.274579619
400  0  9.610916937 0.636423692
400  0  4.839500791 1.40497296
400  0  2.424073954 1.634383674
400  0  0 2.06
400  0  -2.424073954  2.115674572
400  0  -4.839500791  1.556588747
400  0  -9.610916937  0.845087198
400  0  -14.25174139  0.329495543
400  0  -18.70952713  0.141226238
400  0  -22.9445601 0.064026144
400  0  -26.93056953  0.01411088
400  0  -30.65380894  0
400  0  -34.11109446  0
400  10  44.11109446 0
400  10  40.65380894 0
400  10  36.93056953 0.02822176
400  10  32.9445601  0.11524706
400  10  28.70952713 0.317759036
400  10  24.25174139 0.615058348
400  10  19.61091694 1.241547859
400  10  14.83950079 1.829497164
400  10  12.42407395 1.905109804
400  10  10  1.61
400  10  7.575926046 1.273415501
400  10  5.160499209 0.859156127
400  10  0.389083063 0.208663506
400  10  -4.251741387  0.153764587
400  10  -8.709527134  0.070613119
400  10  -12.9445601 0.025610458
400  10  -16.93056953  0
400  10  -20.65380894  0
400  10  -24.11109446  0
400  20  54.11109446 0
400  20  50.65380894 0.031414878
400  20  46.93056953 0.084665281
400  20  42.9445601  0.243299348
400  20  38.70952713 0.564904952
400  20  34.25174139 1.065368923
400  20  29.61091694 1.502377241
400  20  24.83950079 1.354434364
400  20  22.42407395 1.032770052
400  20  20  0.8
400  20  17.57592605 0.501344685
400  20  15.16049921 0.373985608
400  20  10.38908306 0.166930805
400  20  5.748258613 0.065899109
400  20  1.290472866 0.03530656
400  20  -2.944560105  0
400  20  -6.930569533  0
400  20  -10.65380894  0
400  20  -14.11109446  0
400  30  64.11109446 0.017619148
400  30  60.65380894 0.047122317
400  30  56.93056953 0.169330562
400  30  52.9445601  0.448183009
400  30  48.70952713 0.764975456
400  30  44.25174139 0.900621152
400  30  39.61091694 0.90768625
400  30  34.83950079 0.667109463
400  30  32.42407395 0.481290898
400  30  30  0.35
400  30  27.57592605 0.220591662
400  30  25.16049921 0.151615787
400  30  20.38908306 0.062599052
400  30  15.74825861 0.032949554
400  30  11.29047287 0.011768853
400  30  7.055439895 0
400  30  3.069430467 0
400  30  -0.653808943  0
400  30  -4.111094457  0
400  40  74.11109446 0.017619148
400  40  70.65380894 0.062829756
400  40  66.93056953 0.183441442
400  40  62.9445601  0.396962094
400  40  58.70952713 0.611980365
400  40  54.25174139 0.593091978
400  40  49.61091694 0.459059713
400  40  44.83950079 0.272908417
400  40  42.42407395 0.220591662
400  40  40  0.17
400  40  37.57592605 0.130349618
400  40  35.16049921 0.090969472
400  40  30.38908306 0.052165876
400  40  25.74825861 0.02196637
400  40  21.29047287 0.011768853
400  40  17.0554399  0
400  40  13.06943047 0
400  40  9.346191057 0
400  40  5.888905543 0
400  50  84.11109446 0
400  50  80.65380894 0.015707439
400  50  76.93056953 0.112887041
400  50  72.9445601  0.179273204
400  50  68.70952713 0.294221329
400  50  64.25174139 0.296545989
400  50  59.61091694 0.260829382
400  50  54.83950079 0.161723506
400  50  52.42407395 0.120322724
400  50  50  0.1
400  50  47.57592605 0.070188256
400  50  45.16049921 0.050538596
400  50  40.38908306 0.031299526
400  50  35.74825861 0.02196637
400  50  31.29047287 0.011768853
400  50  27.0554399  0
400  50  23.06943047 0
400  50  19.34619106 0
400  50  15.88890554 0
400  60  94.11109446 0
400  60  90.65380894 0
400  60  86.93056953 0
400  60  82.9445601  0.051220915
400  60  78.70952713 0.094150825
400  60  74.25174139 0.131798217
400  60  69.61091694 0.114764928
400  60  64.83950079 0.090969472
400  60  62.42407395 0.070188256
400  60  60  0.07
400  60  57.57592605 0.050134469
400  60  55.16049921 0.040430877
400  60  50.38908306 0.031299526
400  60  45.74825861 0.02196637
400  60  41.29047287 0.011768853
400  60  37.0554399  0
400  60  33.06943047 0
400  60  29.34619106 0
400  60  25.88890554 0
400  70  104.1110945 0
400  70  100.6538089 0
400  70  96.93056953 0
400  70  92.9445601  0
400  70  88.70952713 0
400  70  84.25174139 0.032949554
400  70  79.61091694 0.062599052
400  70  74.83950079 0.060646315
400  70  72.42407395 0.060161362
400  70  70  0.05
400  70  67.57592605 0.050134469
400  70  65.16049921 0.040430877
400  70  60.38908306 0.031299526
400  70  55.74825861 0.02196637
400  70  51.29047287 0.011768853
400  70  47.0554399  0.012805229
400  70  43.06943047 0
400  70  39.34619106 0
400  70  35.88890554 0
1000  0  34.11109446 0.017619148
1000  0  30.65380894 0.015707439
1000  0  26.93056953 0.01411088
1000  0  22.9445601  0.038415687
1000  0  18.70952713 0.094150825
1000  0  14.25174139 0.23064688
1000  0  9.610916937 0.594690991
1000  0  4.839500791 1.516157871
1000  0  2.424073954 2.907799175
1000  0  0 5.06
1000  0  -2.424073954  4.722666936
1000  0  -4.839500791  2.718976448
1000  0  -9.610916937  0.855520373
1000  0  -14.25174139  0.340478728
1000  0  -18.70952713  0.141226238
1000  0  -22.9445601 0.064026144
1000  0  -26.93056953  0.02822176
1000  0  -30.65380894  0.015707439
1000  0  -34.11109446  0
1000  10  44.11109446 0.017619148
1000  10  40.65380894 0.015707439
1000  10  36.93056953 0.04233264
1000  10  32.9445601  0.102441831
1000  10  28.70952713 0.270683623
1000  10  24.25174139 0.669974271
1000  10  19.61091694 1.846672025
1000  10  14.83950079 6.014092886
1000  10  12.42407395 3.639762416
1000  10  10  2.27
1000  10  7.575926046 1.51406095
1000  10  5.160499209 0.778294374
1000  10  0.389083063 0.281695733
1000  10  -4.251741387  0.142781402
1000  10  -8.709527134  0.058844266
1000  10  -12.9445601 0.038415687
1000  10  -16.93056953  0.01411088
1000  10  -20.65380894  0
1000  10  -24.11109446  0
1000  20  54.11109446 0.017619148
1000  20  50.65380894 0.047122317
1000  20  46.93056953 0.126997921
1000  20  42.9445601  0.320130721
1000  20  38.70952713 0.776744309
1000  20  34.25174139 1.987956445
1000  20  29.61091694 3.568145947
1000  20  24.83950079 1.789066287
1000  20  22.42407395 1.092931414
1000  20  20  0.71
1000  20  17.57592605 0.421129536
1000  20  15.16049921 0.262800698
1000  20  10.38908306 0.114764928
1000  20  5.748258613 0.054915924
1000  20  1.290472866 0.023537706
1000  20  -2.944560105  0.012805229
1000  20  -6.930569533  0
1000  20  -10.65380894  0
1000  20  -14.11109446  0
1000  30  64.11109446 0.052857443
1000  30  60.65380894 0.125659512
1000  30  56.93056953 0.253995842
1000  30  52.9445601  0.678677128
1000  30  48.70952713 1.459337793
1000  30  44.25174139 1.658460901
1000  30  39.61091694 1.168515632
1000  30  34.83950079 0.626678586
1000  30  32.42407395 0.441183323
1000  30  30  0.29
1000  30  27.57592605 0.19051098
1000  30  25.16049921 0.12129263
1000  30  20.38908306 0.062599052
1000  30  15.74825861 0.032949554
1000  30  11.29047287 0.023537706
1000  30  7.055439895 0.012805229
1000  30  3.069430467 0
1000  30  -0.653808943  0
1000  30  -4.111094457  0
1000  40  74.11109446 0.247992676
1000  40  70.65380894 0.297275831
1000  40  66.93056953 0.5032256
1000  40  62.9445601  0.614650984
1000  40  58.70952713 0.788513162
1000  40  54.25174139 0.702923826
1000  40  49.61091694 0.438193362
1000  40  44.83950079 0.252692978
1000  40  42.42407395 0.210564768
1000  40  40  0.14
1000  40  37.57592605 0.100268937
1000  40  35.16049921 0.080861753
1000  40  30.38908306 0.041732701
1000  40  25.74825861 0.02196637
1000  40  21.29047287 0.011768853
1000  40  17.0554399  0.012805229
1000  40  13.06943047 0
1000  40  9.346191057 0
1000  40  5.888905543 0
1000  50  87.30740066 0.03161288
1000  50  84.11109446 0.102114631
1000  50  80.65380894 0.135125378
1000  50  76.93056953 0.22645152
1000  50  72.9445601  0.21768889
1000  50  68.70952713 0.270683623
1000  50  64.25174139 0.25261325
1000  50  59.61091694 0.19823033
1000  50  54.83950079 0.131400349
1000  50  52.42407395 0.100268937
1000  50  50  0.09
1000  50  47.57592605 0.060161362
1000  50  45.16049921 0.050538596
1000  50  40.38908306 0.031299526
1000  50  35.74825861 0.02196637
1000  50  31.29047287 0.011768853
1000  50  27.0554399  0.012805229
1000  50  23.06943047 0
1000  50  19.34619106 0
1000  60  94.11109446 0
1000  60  90.65380894 0
1000  60  86.93056953 0.02516128
1000  60  82.9445601  0.038415687
1000  60  78.70952713 0.070613119
1000  60  74.25174139 0.087865478
1000  60  69.61091694 0.093898578
1000  60  64.83950079 0.080861753
1000  60  62.42407395 0.070188256
1000  60  60  0.06
1000  60  57.57592605 0.040107575
1000  60  55.16049921 0.040430877
1000  60  50.38908306 0.020866351
1000  60  45.74825861 0.02196637
1000  60  41.29047287 0.011768853
1000  60  37.0554399  0.012805229
1000  60  33.06943047 0
1000  60  29.34619106 0
1000  60  25.88890554 0
1000  70  104.1110945 0
1000  70  100.6538089 0
1000  70  96.93056953 0
1000  70  92.9445601  0
1000  70  88.70952713 0
1000  70  84.25174139 0.010983185
1000  70  79.61091694 0.031299526
1000  70  74.83950079 0.040430877
1000  70  72.42407395 0.040107575
1000  70  70  0.04
1000  70  67.57592605 0.040107575
1000  70  65.16049921 0.040430877
1000  70  60.38908306 0.031299526
1000  70  55.74825861 0.02196637
1000  70  51.29047287 0.023537706
1000  70  47.0554399  0.012805229
1000  70  43.06943047 0.01411088
1000  70  39.34619106 0
1000  70  35.88890554 0
1000  75  104.1110945 0
1000  75  100.6538089 0
1000  75  96.93056953 0
1000  75  92.9445601  0
1000  75  88.70952713 0
1000  75  84.25174139 0
1000  75  79.61091694 0
1000  75  74.83950079 0.010107719
1000  75  72.42407395 0.020053787
1000  75  70  0.02
1000  75  67.57592605 0.020053787
1000  75  65.16049921 0.020215438
1000  75  60.38908306 0.020866351
1000  75  55.74825861 0.02196637
1000  75  51.29047287 0.023537706
1000  75  47.0554399  0.012805229
1000  75  43.06943047 0
1000  75  39.34619106 0
1000  75  35.88890554 0
1500  0  34.11109446 0.017619148
1500  0  30.65380894 0
1500  0  26.93056953 0.01411088
1500  0  22.9445601  0.025610458
1500  0  18.70952713 0.094150825
1500  0  14.25174139 0.208680511
1500  0  9.610916937 0.605124166
1500  0  4.839500791 2.021543827
1500  0  2.424073954 4.401806337
1500  0  0 11.93
1500  0  -2.424073954  4.512102168
1500  0  -4.839500791  2.274236806
1500  0  -9.610916937  0.657290043
1500  0  -14.25174139  0.241630065
1500  0  -18.70952713  0.105919679
1500  0  -22.9445601 0.051220915
1500  0  -26.93056953  0.01411088
1500  0  -30.65380894  0
1500  0  -34.11109446  0
1500  10  44.11109446 0.017619148
1500  10  40.65380894 0.015707439
1500  10  36.93056953 0.04233264
1500  10  32.9445601  0.102441831
1500  10  28.70952713 0.305990182
1500  10  24.25174139 0.790789304
1500  10  19.61091694 2.650026522
1500  10  14.83950079 8.510699513
1500  10  12.42407395 3.258740455
1500  10  10  1.76
1500  10  7.575926046 0.962581796
1500  10  5.160499209 0.616570867
1500  10  0.389083063 0.19823033
1500  10  -4.251741387  0.098848663
1500  10  -8.709527134  0.047075413
1500  10  -12.9445601 0.012805229
1500  10  -16.93056953  0
1500  10  -20.65380894  0
1500  10  -24.11109446  0
1500  20  54.11109446 0.035238296
1500  20  50.65380894 0.062829756
1500  20  46.93056953 0.141108801
1500  20  42.9445601  0.384156865
1500  20  38.70952713 1.012121373
1500  20  34.25174139 3.635434161
1500  20  29.61091694 3.213417988
1500  20  24.83950079 1.415080679
1500  20  22.42407395 0.782097709
1500  20  20  0.5
1500  20  17.57592605 0.280753024
1500  20  15.16049921 0.212262102
1500  20  10.38908306 0.093898578
1500  20  5.748258613 0.043932739
1500  20  1.290472866 0.023537706
1500  20  -2.944560105  0.012805229
1500  20  -6.930569533  0
1500  20  -10.65380894  0
1500  20  -14.11109446  0
1500  30  64.11109446 0.070476591
1500  30  60.65380894 0.15707439
1500  30  56.93056953 0.380993763
1500  30  52.9445601  1.344549028
1500  30  48.70952713 2.15370013
1500  30  44.25174139 1.537645869
1500  30  39.61091694 0.813787672
1500  30  34.83950079 0.404308765
1500  30  32.42407395 0.280753024
1500  30  30  0.19
1500  30  27.57592605 0.130349618
1500  30  25.16049921 0.101077191
1500  30  20.38908306 0.052165876
1500  30  15.74825861 0.02196637
1500  30  11.29047287 0.011768853
1500  30  7.055439895 0
1500  30  3.069430467 0
1500  30  -0.653808943  0
1500  30  -4.111094457  0
1500  40  74.11109446 0.26258048
1500  40  70.65380894 0.405376133
1500  40  66.93056953 0.5661288
1500  40  62.9445601  0.589040527
1500  40  58.70952713 0.623749218
1500  40  54.25174139 0.450310576
1500  40  49.61091694 0.333861609
1500  40  44.83950079 0.192046664
1500  40  42.42407395 0.150403406
1500  40  40  0.11
1500  40  37.57592605 0.08021515
1500  40  35.16049921 0.060646315
1500  40  30.38908306 0.031299526
1500  40  25.74825861 0.02196637
1500  40  21.29047287 0.011768853
1500  40  17.0554399  0
1500  40  13.06943047 0
1500  40  9.346191057 0
1500  40  5.888905543 0
1500  50  87.30740066 0.03161288
1500  50  84.11109446 0.058351218
1500  50  80.65380894 0.081075227
1500  50  76.93056953 0.16354832
1500  50  72.9445601  0.192078433
1500  50  68.70952713 0.200070504
1500  50  64.25174139 0.175730956
1500  50  59.61091694 0.146064454
1500  50  54.83950079 0.090969472
1500  50  52.42407395 0.08021515
1500  50  50.   0.07
1500  50  47.57592605 0.060161362
1500  50  45.16049921 0.040430877
1500  50  40.38908306 0.031299526
1500  50  35.74825861 0.02196637
1500  50  31.29047287 0.011768853
1500  50  27.0554399  0
1500  50  23.06943047 0
1500  50  19.34619106 0
1500  60  94.11109446 0
1500  60  90.65380894 0
1500  60  86.93056953 0
1500  60  82.9445601  0.012805229
1500  60  78.70952713 0.047075413
1500  60  74.25174139 0.065899109
1500  60  69.61091694 0.062599052
1500  60  64.83950079 0.060646315
1500  60  62.42407395 0.050134469
1500  60  60  0.04
1500  60  57.57592605 0.030080681
1500  60  55.16049921 0.030323157
1500  60  50.38908306 0.020866351
1500  60  45.74825861 0.010983185
1500  60  41.29047287 0.011768853
1500  60  37.0554399  0
1500  60  33.06943047 0
1500  60  29.34619106 0
1500  60  25.88890554 0
1500  70  104.1110945 0
1500  70  100.6538089 0
1500  70  96.93056953 0
1500  70  92.9445601  0
1500  70  88.70952713 0
1500  70  84.25174139 0
1500  70  79.61091694 0.020866351
1500  70  74.83950079 0.030323157
1500  70  72.42407395 0.030080681
1500  70  70  0.03
1500  70  67.57592605 0.030080681
1500  70  65.16049921 0.030323157
1500  70  60.38908306 0.020866351
1500  70  55.74825861 0.02196637
1500  70  51.29047287 0.011768853
1500  70  47.0554399  0.012805229
1500  70  43.06943047 0
1500  70  39.34619106 0
1500  70  35.88890554 0
1500  75  104.1110945 0
1500  75  100.6538089 0
1500  75  96.93056953 0
1500  75  92.9445601  0
1500  75  88.70952713 0
1500  75  84.25174139 0
1500  75  79.61091694 0.010433175
1500  75  74.83950079 0.010107719
1500  75  72.42407395 0.020053787
1500  75  70  0.02
1500  75  67.57592605 0.020053787
1500  75  65.16049921 0.020215438
1500  75  60.38908306 0.020866351
1500  75  55.74825861 0.02196637
1500  75  51.29047287 0.023537706
1500  75  47.0554399  0.012805229
1500  75  43.06943047 0.01411088
1500  75  39.34619106 0
1500  75  35.88890554 0
-1  0  34.11109446 0
-1  0  30.65380894 0
-1  0  26.93056953 0
-1  0  22.9445601  0.012805229
-1  0  18.70952713 0.082381972
-1  0  14.25174139 0.087865478
-1  0  9.610916937 0.187797155
-1  0  4.839500791 0.333554732
-1  0  2.424073954 1.303496182
-1  0  0 240
-1  0  -2.424073954  1.925163592
-1  0  -4.839500791  0.535709114
-1  0  -9.610916937  0.19823033
-1  0  -14.25174139  0.054915924
-1  0  -18.70952713  0.047075413
-1  0  -22.9445601 0.025610458
-1  0  -26.93056953  0.01411088
-1  0  -30.65380894  0
-1  0  -34.11109446  0
-1  10  44.11109446 0
-1  10  40.65380894 0
-1  10  36.93056953 0.01411088
-1  10  32.9445601  0.025610458
-1  10  28.70952713 0.105919679
-1  10  24.25174139 0.131798217
-1  10  19.61091694 0.302562083
-1  10  14.83950079 232.4775401
-1  10  12.42407395 2.857664706
-1  10  10  0.42
-1  10  7.575926046 0.200537874
-1  10  5.160499209 0.192046664
-1  10  0.389083063 0.187797155
-1  10  -4.251741387  0.054915924
-1  10  -8.709527134  0.03530656
-1  10  -12.9445601 0.025610458
-1  10  -16.93056953  0.01411088
-1  10  -20.65380894  0
-1  10  -24.11109446  0
-1  20  54.11109446 0     
-1  20  50.65380894 0.015707439     
-1  20  46.93056953 0.02822176      
-1  20  42.9445601  0.051220915     
-1  20  38.70952713 0.188301651     
-1  20  34.25174139 0.724890195     
-1  20  31.95120799 210.3864202   
-1  20  29.61091694 6.938061564    
-1  20  24.83950079 0.58624771      
-1  20  22.42407395 0.110295831     
-1  20  20  0.1     
-1  20  17.57592605 0.090242043     
-1  20  15.16049921 0.171831225     
-1  20  10.38908306 0.156497629     
-1  20  5.748258613 0.032949554     
-1  20  1.290472866 0.023537706
-1  20  -2.944560105  0.012805229
-1  20  -6.930569533  0
-1  20  -10.65380894  0
-1  20  -14.11109446  0
-1  30  64.11109446 0
-1  30  60.65380894 0.031414878
-1  30  56.93056953 0.070554401
-1  30  52.9445601  0.563430069
-1  30  48.70952713 85.67725108
-1  30  44.25174139 0.450310576
-1  30  39.61091694 0.146064454
-1  30  34.83950079 0.313339293
-1  30  32.42407395 0.070188256
-1  30  30  0.06
-1  30  27.57592605 0.060161362
-1  30  25.16049921 0.202154383
-1  30  20.38908306 0.125198103
-1  30  15.74825861 0.032949554
-1  30  11.29047287 0.023537706
-1  30  7.055439895 0.012805229
-1  30  3.069430467 0
-1  30  -0.653808943  0
-1  30  -4.111094457  0
-1  40  77.30740066 48.999964
-1  40  74.11109446 4.478455964
-1  40  70.65380894 2.229568733
-1  40  66.93056953 0.268106722
-1  40  62.9445601  0.243299348
-1  40  58.70952713 0.176532798
-1  40  54.25174139 0.109831848
-1  40  49.61091694 0.093898578
-1  40  44.83950079 0.212262102
-1  40  42.42407395 0.050134469
-1  40  40  0.05
-1  40  37.57592605 0.050134469
-1  40  35.16049921 0.242585259
-1  40  30.38908306 0.010433175
-1  40  25.74825861 0
-1  40  21.29047287 0
-1  40  17.0554399  0.051220915
-1  40  13.06943047 0.056443521
-1  40  9.346191057 0.031414878
-1  40  5.888905543 0
-1  50  84.11109446 0
-1  50  80.65380894 0
-1  50  76.93056953 0
-1  50  72.9445601  0
-1  50  68.70952713 0
-1  50  64.25174139 0
-1  50  59.61091694 0
-1  50  54.83950079 0
-1  50  52.42407395 0
-1  50  50  0
-1  50  47.57592605 0
-1  50  45.16049921 0
-1  50  40.38908306 0
-1  50  35.74825861 0
-1  50  31.29047287 0
-1  50  27.0554399  0
-1  50  23.06943047 0.04233264
-1  50  19.34619106 0.094244634
-1  50  15.88890554 0.035238296
-1  60  94.11109446 0
-1  60  90.65380894 0
-1  60  86.93056953 0
-1  60  82.9445601  0
-1  60  78.70952713 0
-1  60  74.25174139 0
-1  60  69.61091694 0
-1  60  64.83950079 0
-1  60  62.42407395 0
-1  60  60  0
-1  60  57.57592605 0
-1  60  55.16049921 0
-1  60  50.38908306 0
-1  60  45.74825861 0
-1  60  41.29047287 0
-1  60  37.0554399  0
-1  60  33.06943047 0
-1  60  29.34619106 0
-1  60  25.88890554 0
-1  70  104.1110945 0
-1  70  100.6538089 0
-1  70  96.93056953 0
-1  70  92.9445601  0
-1  70  88.70952713 0
-1  70  84.25174139 0
-1  70  79.61091694 0
-1  70  74.83950079 0
-1  70  72.42407395 0
-1  70  70  0
-1  70  67.57592605 0
-1  70  65.16049921 0
-1  70  60.38908306 0
-1  70  55.74825861 0
-1  70  51.29047287 0
-1  70  47.0554399  0
-1  70  43.06943047 0
-1  70  39.34619106 0
-1  70  35.88890554 0