,electric_field_1m_V_per_m,time_s
0,0.0,0.0
1,0.0,3.86274509804e-10
2,0.0,7.72549019608e-10
3,0.0,1.15882352941e-09
4,0.0,1.54509803922e-09
5,0.0,1.93137254902e-09
6,0.0,2.31764705882e-09
7,0.0,2.70392156863e-09
8,0.0,3.09019607843e-09
9,0.0,3.47647058824e-09
10,0.0,3.86274509804e-09
11,0.0,4.24901960784e-09
12,0.0,4.63529411765e-09
13,0.0,5.02156862745e-09
14,0.0,5.40784313725e-09
15,0.0,5.79411764706e-09
16,0.0,6.18039215686e-09
17,0.0,6.56666666667e-09
18,0.0,6.95294117647e-09
19,0.0,7.33921568627e-09
20,-14.8177714669,7.72549019608e-09
21,-16.2903963806,8.11176470588e-09
22,-8.9616154959,8.49803921569e-09
23,0.929214924623,8.88431372549e-09
24,6.30577412361,9.27058823529e-09
25,3.62143679108,9.6568627451e-09
26,-5.22426226118,1.00431372549e-08
27,-14.4755722997,1.04294117647e-08
28,-18.4286000521,1.08156862745e-08
29,-15.0277633766,1.12019607843e-08
30,-6.79949150105,1.15882352941e-08
31,1.40716836804,1.19745098039e-08
32,6.21844259752,1.23607843137e-08
33,8.3124543339,1.27470588235e-08
34,11.7718374611,1.31333333333e-08
35,20.4123738617,1.35196078431e-08
36,33.5322506179,1.39058823529e-08
37,44.2820861911,1.42921568627e-08
38,42.4595474581,1.46784313725e-08
39,20.6910814931,1.50647058824e-08
40,-19.5888722163,1.54509803922e-08
41,-66.4805961477,1.5837254902e-08
42,-102.292349907,1.62235294118e-08
43,-112.805097895,1.66098039216e-08
44,-96.1656200281,1.69960784314e-08
45,-65.8351467477,1.73823529412e-08
46,-44.7494316694,1.7768627451e-08
47,-52.6900114069,1.81549019608e-08
48,-93.1955200144,1.85411764706e-08
49,-147.547780356,1.89274509804e-08
50,-180.396446253,1.93137254902e-08
51,-155.686560246,1.97e-08
52,-55.7479787396,2.00862745098e-08
53,106.087876221,2.04725490196e-08
54,286.535327903,2.08588235294e-08
55,427.842507275,2.12450980392e-08
56,481.273097104,2.1631372549e-08
57,427.842507275,2.20176470588e-08
58,286.535327903,2.24039215686e-08
59,106.087876221,2.27901960784e-08
60,-55.7479787396,2.31764705882e-08
61,-155.686560246,2.3562745098e-08
62,-180.396446253,2.39490196078e-08
63,-147.547780356,2.43352941176e-08
64,-93.1955200144,2.47215686275e-08
65,-52.6900114069,2.51078431373e-08
66,-44.7494316694,2.54941176471e-08
67,-65.8351467477,2.58803921569e-08
68,-96.1656200281,2.62666666667e-08
69,-112.805097895,2.66529411765e-08
70,-102.292349907,2.70392156863e-08
71,-66.4805961477,2.74254901961e-08
72,-19.5888722163,2.78117647059e-08
73,20.6910814931,2.81980392157e-08
74,42.4595474581,2.85843137255e-08
75,44.2820861911,2.89705882353e-08
76,33.5322506179,2.93568627451e-08
77,20.4123738617,2.97431372549e-08
78,11.7718374611,3.01294117647e-08
79,8.3124543339,3.05156862745e-08
80,6.21844259752,3.09019607843e-08
81,1.40716836804,3.12882352941e-08
82,-6.79949150105,3.16745098039e-08
83,-15.0277633766,3.20607843137e-08
84,-18.4286000521,3.24470588235e-08
85,-14.4755722997,3.28333333333e-08
86,-5.22426226118,3.32196078431e-08
87,3.62143679108,3.36058823529e-08
88,6.30577412361,3.39921568627e-08
89,0.929214924623,3.43784313725e-08
90,-8.9616154959,3.47647058824e-08
91,-16.2903963806,3.51509803922e-08
92,-14.8177714669,3.5537254902e-08
93,-3.2790097749,3.59235294118e-08
94,13.3502413667,3.63098039216e-08
95,26.4021293075,3.66960784314e-08
96,28.4858204839,3.70823529412e-08
97,17.9485576295,3.7468627451e-08
98,0.117637983781,3.78549019608e-08
99,-15.520615372,3.82411764706e-08
100,-20.6401543817,3.86274509804e-08
101,-12.8188692508,3.90137254902e-08
102,3.06827868406,3.94e-08
103,17.6421352093,3.97862745098e-08
104,22.396033207,4.01725490196e-08
105,14.5525240156,4.05588235294e-08
106,-1.39250354639,4.09450980392e-08
107,-16.3007249007,4.1331372549e-08
108,-21.6486542155,4.17176470588e-08
109,-14.3750055235,4.21039215686e-08
110,1.436511594,4.24901960784e-08
111,16.9377589631,4.28764705882e-08
112,23.5297679397,4.3262745098e-08
113,17.6238776444,4.36490196078e-08
114,2.49136657863,4.40352941176e-08
115,-13.7318966684,4.44215686275e-08
116,-22.6298744488,4.48078431373e-08
117,-20.032642465,4.51941176471e-08
118,-7.99826693928,4.55803921569e-08
119,6.68820098512,4.59666666667e-08
120,0.0,4.63529411765e-08
121,0.0,4.67392156863e-08
122,0.0,4.71254901961e-08
123,0.0,4.75117647059e-08
124,0.0,4.78980392157e-08
125,0.0,4.82843137255e-08
126,0.0,4.86705882353e-08
127,0.0,4.90568627451e-08
128,0.0,4.94431372549e-08
129,0.0,4.98294117647e-08
130,0.0,5.02156862745e-08
131,0.0,5.06019607843e-08
132,0.0,5.09882352941e-08
133,0.0,5.13745098039e-08
134,0.0,5.17607843137e-08
135,0.0,5.21470588235e-08
136,0.0,5.25333333333e-08
137,0.0,5.29196078431e-08
138,0.0,5.33058823529e-08
139,0.0,5.36921568627e-08
140,0.0,5.40784313725e-08
141,0.0,5.44647058824e-08
142,0.0,5.48509803922e-08
143,0.0,5.5237254902e-08
144,0.0,5.56235294118e-08
145,0.0,5.60098039216e-08
146,0.0,5.63960784314e-08
147,0.0,5.67823529412e-08
148,0.0,5.7168627451e-08
149,0.0,5.75549019608e-08
150,0.0,5.79411764706e-08
151,0.0,5.83274509804e-08
152,0.0,5.87137254902e-08
153,0.0,5.91e-08
154,0.0,5.94862745098e-08
155,0.0,5.98725490196e-08
156,0.0,6.02588235294e-08
157,0.0,6.06450980392e-08
158,0.0,6.1031372549e-08
159,0.0,6.14176470588e-08
160,0.0,6.18039215686e-08
161,0.0,6.21901960784e-08
162,0.0,6.25764705882e-08
163,0.0,6.2962745098e-08
164,0.0,6.33490196078e-08
165,0.0,6.37352941176e-08
166,0.0,6.41215686275e-08
167,0.0,6.45078431373e-08
168,0.0,6.48941176471e-08
169,0.0,6.52803921569e-08
170,0.0,6.56666666667e-08
171,0.0,6.60529411765e-08
172,0.0,6.64392156863e-08
173,0.0,6.68254901961e-08
174,0.0,6.72117647059e-08
175,0.0,6.75980392157e-08
176,0.0,6.79843137255e-08
177,0.0,6.83705882353e-08
178,0.0,6.87568627451e-08
179,0.0,6.91431372549e-08
180,0.0,6.95294117647e-08
181,0.0,6.99156862745e-08
182,0.0,7.03019607843e-08
183,0.0,7.06882352941e-08
184,0.0,7.10745098039e-08
185,0.0,7.14607843137e-08
186,0.0,7.18470588235e-08
187,0.0,7.22333333333e-08
188,0.0,7.26196078431e-08
189,0.0,7.30058823529e-08
190,0.0,7.33921568627e-08
191,0.0,7.37784313725e-08
192,0.0,7.41647058824e-08
193,0.0,7.45509803922e-08
194,0.0,7.4937254902e-08
195,0.0,7.53235294118e-08
196,0.0,7.57098039216e-08
197,0.0,7.60960784314e-08
198,0.0,7.64823529412e-08
199,0.0,7.6868627451e-08
200,0.0,7.72549019608e-08
201,0.0,7.76411764706e-08
202,0.0,7.80274509804e-08
203,0.0,7.84137254902e-08
204,0.0,7.88e-08
205,0.0,7.91862745098e-08
206,0.0,7.95725490196e-08
207,0.0,7.99588235294e-08
208,0.0,8.03450980392e-08
209,0.0,8.0731372549e-08
210,0.0,8.11176470588e-08
211,0.0,8.15039215686e-08
212,0.0,8.18901960784e-08
213,0.0,8.22764705882e-08
214,0.0,8.2662745098e-08
215,0.0,8.30490196078e-08
216,0.0,8.34352941176e-08
217,0.0,8.38215686275e-08
218,0.0,8.42078431373e-08
219,0.0,8.45941176471e-08
220,0.0,8.49803921569e-08
221,0.0,8.53666666667e-08
222,0.0,8.57529411765e-08
223,0.0,8.61392156863e-08
224,0.0,8.65254901961e-08
225,0.0,8.69117647059e-08
226,0.0,8.72980392157e-08
227,0.0,8.76843137255e-08
228,0.0,8.80705882353e-08
229,0.0,8.84568627451e-08
230,0.0,8.88431372549e-08
231,0.0,8.92294117647e-08
232,0.0,8.96156862745e-08
233,0.0,9.00019607843e-08
234,0.0,9.03882352941e-08
235,0.0,9.07745098039e-08
236,0.0,9.11607843137e-08
237,0.0,9.15470588235e-08
238,0.0,9.19333333333e-08
239,0.0,9.23196078431e-08
240,0.0,9.27058823529e-08
241,0.0,9.30921568627e-08
242,0.0,9.34784313725e-08
243,0.0,9.38647058824e-08
244,0.0,9.42509803922e-08
245,0.0,9.4637254902e-08
246,0.0,9.50235294118e-08
247,0.0,9.54098039216e-08
248,0.0,9.57960784314e-08
249,0.0,9.61823529412e-08
250,0.0,9.6568627451e-08
251,0.0,9.69549019608e-08
252,0.0,9.73411764706e-08
253,0.0,9.77274509804e-08
254,0.0,9.81137254902e-08
255,0.0,9.85e-08
256,0.0,9.88862745098e-08
257,0.0,9.92725490196e-08
258,0.0,9.96588235294e-08
259,0.0,1.00045098039e-07
260,0.0,1.00431372549e-07
261,0.0,1.00817647059e-07
262,0.0,1.01203921569e-07
263,0.0,1.01590196078e-07
264,0.0,1.01976470588e-07
265,0.0,1.02362745098e-07
266,0.0,1.02749019608e-07
267,0.0,1.03135294118e-07
268,0.0,1.03521568627e-07
269,0.0,1.03907843137e-07
270,0.0,1.04294117647e-07
271,0.0,1.04680392157e-07
272,0.0,1.05066666667e-07
273,0.0,1.05452941176e-07
274,0.0,1.05839215686e-07
275,0.0,1.06225490196e-07
276,0.0,1.06611764706e-07
277,0.0,1.06998039216e-07
278,0.0,1.07384313725e-07
279,0.0,1.07770588235e-07
280,0.0,1.08156862745e-07
281,0.0,1.08543137255e-07
282,0.0,1.08929411765e-07
283,0.0,1.09315686275e-07
284,0.0,1.09701960784e-07
285,0.0,1.10088235294e-07
286,0.0,1.10474509804e-07
287,0.0,1.10860784314e-07
288,0.0,1.11247058824e-07
289,0.0,1.11633333333e-07
290,0.0,1.12019607843e-07
291,0.0,1.12405882353e-07
292,0.0,1.12792156863e-07
293,0.0,1.13178431373e-07
294,0.0,1.13564705882e-07
295,0.0,1.13950980392e-07
296,0.0,1.14337254902e-07
297,0.0,1.14723529412e-07
298,0.0,1.15109803922e-07
299,0.0,1.15496078431e-07
300,0.0,1.15882352941e-07
301,0.0,1.16268627451e-07
302,0.0,1.16654901961e-07
303,0.0,1.17041176471e-07
304,0.0,1.1742745098e-07
305,0.0,1.1781372549e-07
306,0.0,1.182e-07
307,0.0,1.1858627451e-07
308,0.0,1.1897254902e-07
309,0.0,1.19358823529e-07
310,0.0,1.19745098039e-07
311,0.0,1.20131372549e-07
312,0.0,1.20517647059e-07
313,0.0,1.20903921569e-07
314,0.0,1.21290196078e-07
315,0.0,1.21676470588e-07
316,0.0,1.22062745098e-07
317,0.0,1.22449019608e-07
318,0.0,1.22835294118e-07
319,0.0,1.23221568627e-07
320,0.0,1.23607843137e-07
321,0.0,1.23994117647e-07
322,0.0,1.24380392157e-07
323,0.0,1.24766666667e-07
324,0.0,1.25152941176e-07
325,0.0,1.25539215686e-07
326,0.0,1.25925490196e-07
327,0.0,1.26311764706e-07
328,0.0,1.26698039216e-07
329,0.0,1.27084313725e-07
330,0.0,1.27470588235e-07
331,0.0,1.27856862745e-07
332,0.0,1.28243137255e-07
333,0.0,1.28629411765e-07
334,0.0,1.29015686275e-07
335,0.0,1.29401960784e-07
336,0.0,1.29788235294e-07
337,0.0,1.30174509804e-07
338,0.0,1.30560784314e-07
339,0.0,1.30947058824e-07
340,0.0,1.31333333333e-07
341,0.0,1.31719607843e-07
342,0.0,1.32105882353e-07
343,0.0,1.32492156863e-07
344,0.0,1.32878431373e-07
345,0.0,1.33264705882e-07
346,0.0,1.33650980392e-07
347,0.0,1.34037254902e-07
348,0.0,1.34423529412e-07
349,0.0,1.34809803922e-07
350,0.0,1.35196078431e-07
351,0.0,1.35582352941e-07
352,0.0,1.35968627451e-07
353,0.0,1.36354901961e-07
354,0.0,1.36741176471e-07
355,0.0,1.3712745098e-07
356,0.0,1.3751372549e-07
357,0.0,1.379e-07
358,0.0,1.3828627451e-07
359,0.0,1.3867254902e-07
360,0.0,1.39058823529e-07
361,0.0,1.39445098039e-07
362,0.0,1.39831372549e-07
363,0.0,1.40217647059e-07
364,0.0,1.40603921569e-07
365,0.0,1.40990196078e-07
366,0.0,1.41376470588e-07
367,0.0,1.41762745098e-07
368,0.0,1.42149019608e-07
369,0.0,1.42535294118e-07
370,0.0,1.42921568627e-07
371,0.0,1.43307843137e-07
372,0.0,1.43694117647e-07
373,0.0,1.44080392157e-07
374,0.0,1.44466666667e-07
375,0.0,1.44852941176e-07
376,0.0,1.45239215686e-07
377,0.0,1.45625490196e-07
378,0.0,1.46011764706e-07
379,0.0,1.46398039216e-07
380,0.0,1.46784313725e-07
381,0.0,1.47170588235e-07
382,0.0,1.47556862745e-07
383,0.0,1.47943137255e-07
384,0.0,1.48329411765e-07
385,0.0,1.48715686275e-07
386,0.0,1.49101960784e-07
387,0.0,1.49488235294e-07
388,0.0,1.49874509804e-07
389,0.0,1.50260784314e-07
390,0.0,1.50647058824e-07
391,0.0,1.51033333333e-07
392,0.0,1.51419607843e-07
393,0.0,1.51805882353e-07
394,0.0,1.52192156863e-07
395,0.0,1.52578431373e-07
396,0.0,1.52964705882e-07
397,0.0,1.53350980392e-07
398,0.0,1.53737254902e-07
399,0.0,1.54123529412e-07
400,0.0,1.54509803922e-07
401,0.0,1.54896078431e-07
402,0.0,1.55282352941e-07
403,0.0,1.55668627451e-07
404,0.0,1.56054901961e-07
405,0.0,1.56441176471e-07
406,0.0,1.5682745098e-07
407,0.0,1.5721372549e-07
408,0.0,1.576e-07
409,0.0,1.5798627451e-07
410,0.0,1.5837254902e-07
411,0.0,1.58758823529e-07
412,0.0,1.59145098039e-07
413,0.0,1.59531372549e-07
414,0.0,1.59917647059e-07
415,0.0,1.60303921569e-07
416,0.0,1.60690196078e-07
417,0.0,1.61076470588e-07
418,0.0,1.61462745098e-07
419,0.0,1.61849019608e-07
420,0.0,1.62235294118e-07
421,0.0,1.62621568627e-07
422,0.0,1.63007843137e-07
423,0.0,1.63394117647e-07
424,0.0,1.63780392157e-07
425,0.0,1.64166666667e-07
426,0.0,1.64552941176e-07
427,0.0,1.64939215686e-07
428,0.0,1.65325490196e-07
429,0.0,1.65711764706e-07
430,0.0,1.66098039216e-07
431,0.0,1.66484313725e-07
432,0.0,1.66870588235e-07
433,0.0,1.67256862745e-07
434,0.0,1.67643137255e-07
435,0.0,1.68029411765e-07
436,0.0,1.68415686275e-07
437,0.0,1.68801960784e-07
438,0.0,1.69188235294e-07
439,0.0,1.69574509804e-07
440,0.0,1.69960784314e-07
441,0.0,1.70347058824e-07
442,0.0,1.70733333333e-07
443,0.0,1.71119607843e-07
444,0.0,1.71505882353e-07
445,0.0,1.71892156863e-07
446,0.0,1.72278431373e-07
447,0.0,1.72664705882e-07
448,0.0,1.73050980392e-07
449,0.0,1.73437254902e-07
450,0.0,1.73823529412e-07
451,0.0,1.74209803922e-07
452,0.0,1.74596078431e-07
453,0.0,1.74982352941e-07
454,0.0,1.75368627451e-07
455,0.0,1.75754901961e-07
456,0.0,1.76141176471e-07
457,0.0,1.7652745098e-07
458,0.0,1.7691372549e-07
459,0.0,1.773e-07
460,0.0,1.7768627451e-07
461,0.0,1.7807254902e-07
462,0.0,1.78458823529e-07
463,0.0,1.78845098039e-07
464,0.0,1.79231372549e-07
465,0.0,1.79617647059e-07
466,0.0,1.80003921569e-07
467,0.0,1.80390196078e-07
468,0.0,1.80776470588e-07
469,0.0,1.81162745098e-07
470,0.0,1.81549019608e-07
471,0.0,1.81935294118e-07
472,0.0,1.82321568627e-07
473,0.0,1.82707843137e-07
474,0.0,1.83094117647e-07
475,0.0,1.83480392157e-07
476,0.0,1.83866666667e-07
477,0.0,1.84252941176e-07
478,0.0,1.84639215686e-07
479,0.0,1.85025490196e-07
480,0.0,1.85411764706e-07
481,0.0,1.85798039216e-07
482,0.0,1.86184313725e-07
483,0.0,1.86570588235e-07
484,0.0,1.86956862745e-07
485,0.0,1.87343137255e-07
486,0.0,1.87729411765e-07
487,0.0,1.88115686275e-07
488,0.0,1.88501960784e-07
489,0.0,1.88888235294e-07
490,0.0,1.89274509804e-07
491,0.0,1.89660784314e-07
492,0.0,1.90047058824e-07
493,0.0,1.90433333333e-07
494,0.0,1.90819607843e-07
495,0.0,1.91205882353e-07
496,0.0,1.91592156863e-07
497,0.0,1.91978431373e-07
498,0.0,1.92364705882e-07
499,0.0,1.92750980392e-07
500,0.0,1.93137254902e-07
501,0.0,1.93523529412e-07
502,0.0,1.93909803922e-07
503,0.0,1.94296078431e-07
504,0.0,1.94682352941e-07
505,0.0,1.95068627451e-07
506,0.0,1.95454901961e-07
507,0.0,1.95841176471e-07
508,0.0,1.9622745098e-07
509,0.0,1.9661372549e-07
510,0.0,1.97e-07
511,0.0,1.9738627451e-07
512,0.0,1.9777254902e-07
513,0.0,1.98158823529e-07
514,0.0,1.98545098039e-07
515,0.0,1.98931372549e-07
516,0.0,1.99317647059e-07
517,0.0,1.99703921569e-07
518,0.0,2.00090196078e-07
519,0.0,2.00476470588e-07
520,0.0,2.00862745098e-07
521,0.0,2.01249019608e-07
522,0.0,2.01635294118e-07
523,0.0,2.02021568627e-07
524,0.0,2.02407843137e-07
525,0.0,2.02794117647e-07
526,0.0,2.03180392157e-07
527,0.0,2.03566666667e-07
528,0.0,2.03952941176e-07
529,0.0,2.04339215686e-07
530,0.0,2.04725490196e-07
531,0.0,2.05111764706e-07
532,0.0,2.05498039216e-07
533,0.0,2.05884313725e-07
534,0.0,2.06270588235e-07
535,0.0,2.06656862745e-07
536,0.0,2.07043137255e-07
537,0.0,2.07429411765e-07
538,0.0,2.07815686275e-07
539,0.0,2.08201960784e-07
540,0.0,2.08588235294e-07
541,0.0,2.08974509804e-07
542,0.0,2.09360784314e-07
543,0.0,2.09747058824e-07
544,0.0,2.10133333333e-07
545,0.0,2.10519607843e-07
546,0.0,2.10905882353e-07
547,0.0,2.11292156863e-07
548,0.0,2.11678431373e-07
549,0.0,2.12064705882e-07
550,0.0,2.12450980392e-07
551,0.0,2.12837254902e-07
552,0.0,2.13223529412e-07
553,0.0,2.13609803922e-07
554,0.0,2.13996078431e-07
555,0.0,2.14382352941e-07
556,0.0,2.14768627451e-07
557,0.0,2.15154901961e-07
558,0.0,2.15541176471e-07
559,0.0,2.1592745098e-07
560,0.0,2.1631372549e-07
561,0.0,2.167e-07
562,0.0,2.1708627451e-07
563,0.0,2.1747254902e-07
564,0.0,2.17858823529e-07
565,0.0,2.18245098039e-07
566,0.0,2.18631372549e-07
567,0.0,2.19017647059e-07
568,0.0,2.19403921569e-07
569,0.0,2.19790196078e-07
570,0.0,2.20176470588e-07
571,0.0,2.20562745098e-07
572,0.0,2.20949019608e-07
573,0.0,2.21335294118e-07
574,0.0,2.21721568627e-07
575,0.0,2.22107843137e-07
576,0.0,2.22494117647e-07
577,0.0,2.22880392157e-07
578,0.0,2.23266666667e-07
579,0.0,2.23652941176e-07
580,0.0,2.24039215686e-07
581,0.0,2.24425490196e-07
582,0.0,2.24811764706e-07
583,0.0,2.25198039216e-07
584,0.0,2.25584313725e-07
585,0.0,2.25970588235e-07
586,0.0,2.26356862745e-07
587,0.0,2.26743137255e-07
588,0.0,2.27129411765e-07
589,0.0,2.27515686275e-07
590,0.0,2.27901960784e-07
591,0.0,2.28288235294e-07
592,0.0,2.28674509804e-07
593,0.0,2.29060784314e-07
594,0.0,2.29447058824e-07
595,0.0,2.29833333333e-07
596,0.0,2.30219607843e-07
597,0.0,2.30605882353e-07
598,0.0,2.30992156863e-07
599,0.0,2.31378431373e-07
600,0.0,2.31764705882e-07
601,0.0,2.32150980392e-07
602,0.0,2.32537254902e-07
603,0.0,2.32923529412e-07
604,0.0,2.33309803922e-07
605,0.0,2.33696078431e-07
606,0.0,2.34082352941e-07
607,0.0,2.34468627451e-07
608,0.0,2.34854901961e-07
609,0.0,2.35241176471e-07
610,0.0,2.3562745098e-07
611,0.0,2.3601372549e-07
612,0.0,2.364e-07
613,0.0,2.3678627451e-07
614,0.0,2.3717254902e-07
615,0.0,2.37558823529e-07
616,0.0,2.37945098039e-07
617,0.0,2.38331372549e-07
618,0.0,2.38717647059e-07
619,0.0,2.39103921569e-07
620,0.0,2.39490196078e-07
621,0.0,2.39876470588e-07
622,0.0,2.40262745098e-07
623,0.0,2.40649019608e-07
624,0.0,2.41035294118e-07
625,0.0,2.41421568627e-07
626,0.0,2.41807843137e-07
627,0.0,2.42194117647e-07
628,0.0,2.42580392157e-07
629,0.0,2.42966666667e-07
630,0.0,2.43352941176e-07
631,0.0,2.43739215686e-07
632,0.0,2.44125490196e-07
633,0.0,2.44511764706e-07
634,0.0,2.44898039216e-07
635,0.0,2.45284313725e-07
636,0.0,2.45670588235e-07
637,0.0,2.46056862745e-07
638,0.0,2.46443137255e-07
639,0.0,2.46829411765e-07
640,0.0,2.47215686275e-07
641,0.0,2.47601960784e-07
642,0.0,2.47988235294e-07
643,0.0,2.48374509804e-07
644,0.0,2.48760784314e-07
645,0.0,2.49147058824e-07
646,0.0,2.49533333333e-07
647,0.0,2.49919607843e-07
648,0.0,2.50305882353e-07
649,0.0,2.50692156863e-07
650,0.0,2.51078431373e-07
651,0.0,2.51464705882e-07
652,0.0,2.51850980392e-07
653,0.0,2.52237254902e-07
654,0.0,2.52623529412e-07
655,0.0,2.53009803922e-07
656,0.0,2.53396078431e-07
657,0.0,2.53782352941e-07
658,0.0,2.54168627451e-07
659,0.0,2.54554901961e-07
660,0.0,2.54941176471e-07
661,0.0,2.5532745098e-07
662,0.0,2.5571372549e-07
663,0.0,2.561e-07
664,0.0,2.5648627451e-07
665,0.0,2.5687254902e-07
666,0.0,2.57258823529e-07
667,0.0,2.57645098039e-07
668,0.0,2.58031372549e-07
669,0.0,2.58417647059e-07
670,0.0,2.58803921569e-07
671,0.0,2.59190196078e-07
672,0.0,2.59576470588e-07
673,0.0,2.59962745098e-07
674,0.0,2.60349019608e-07
675,0.0,2.60735294118e-07
676,0.0,2.61121568627e-07
677,0.0,2.61507843137e-07
678,0.0,2.61894117647e-07
679,0.0,2.62280392157e-07
680,0.0,2.62666666667e-07
681,0.0,2.63052941176e-07
682,0.0,2.63439215686e-07
683,0.0,2.63825490196e-07
684,0.0,2.64211764706e-07
685,0.0,2.64598039216e-07
686,0.0,2.64984313725e-07
687,0.0,2.65370588235e-07
688,0.0,2.65756862745e-07
689,0.0,2.66143137255e-07
690,0.0,2.66529411765e-07
691,0.0,2.66915686275e-07
692,0.0,2.67301960784e-07
693,0.0,2.67688235294e-07
694,0.0,2.68074509804e-07
695,0.0,2.68460784314e-07
696,0.0,2.68847058824e-07
697,0.0,2.69233333333e-07
698,0.0,2.69619607843e-07
699,0.0,2.70005882353e-07
700,0.0,2.70392156863e-07
701,0.0,2.70778431373e-07
702,0.0,2.71164705882e-07
703,0.0,2.71550980392e-07
704,0.0,2.71937254902e-07
705,0.0,2.72323529412e-07
706,0.0,2.72709803922e-07
707,0.0,2.73096078431e-07
708,0.0,2.73482352941e-07
709,0.0,2.73868627451e-07
710,0.0,2.74254901961e-07
711,0.0,2.74641176471e-07
712,0.0,2.7502745098e-07
713,0.0,2.7541372549e-07
714,0.0,2.758e-07
715,0.0,2.7618627451e-07
716,0.0,2.7657254902e-07
717,0.0,2.76958823529e-07
718,0.0,2.77345098039e-07
719,0.0,2.77731372549e-07
720,0.0,2.78117647059e-07
721,0.0,2.78503921569e-07
722,0.0,2.78890196078e-07
723,0.0,2.79276470588e-07
724,0.0,2.79662745098e-07
725,0.0,2.80049019608e-07
726,0.0,2.80435294118e-07
727,0.0,2.80821568627e-07
728,0.0,2.81207843137e-07
729,0.0,2.81594117647e-07
730,0.0,2.81980392157e-07
731,0.0,2.82366666667e-07
732,0.0,2.82752941176e-07
733,0.0,2.83139215686e-07
734,0.0,2.83525490196e-07
735,0.0,2.83911764706e-07
736,0.0,2.84298039216e-07
737,0.0,2.84684313725e-07
738,0.0,2.85070588235e-07
739,0.0,2.85456862745e-07
740,0.0,2.85843137255e-07
741,0.0,2.86229411765e-07
742,0.0,2.86615686275e-07
743,0.0,2.87001960784e-07
744,0.0,2.87388235294e-07
745,0.0,2.87774509804e-07
746,0.0,2.88160784314e-07
747,0.0,2.88547058824e-07
748,0.0,2.88933333333e-07
749,0.0,2.89319607843e-07
750,0.0,2.89705882353e-07
751,0.0,2.90092156863e-07
752,0.0,2.90478431373e-07
753,0.0,2.90864705882e-07
754,0.0,2.91250980392e-07
755,0.0,2.91637254902e-07
756,0.0,2.92023529412e-07
757,0.0,2.92409803922e-07
758,0.0,2.92796078431e-07
759,0.0,2.93182352941e-07
760,0.0,2.93568627451e-07
761,0.0,2.93954901961e-07
762,0.0,2.94341176471e-07
763,0.0,2.9472745098e-07
764,0.0,2.9511372549e-07
765,0.0,2.955e-07
766,0.0,2.9588627451e-07
767,0.0,2.9627254902e-07
768,0.0,2.96658823529e-07
769,0.0,2.97045098039e-07
770,0.0,2.97431372549e-07
771,0.0,2.97817647059e-07
772,0.0,2.98203921569e-07
773,0.0,2.98590196078e-07
774,0.0,2.98976470588e-07
775,0.0,2.99362745098e-07
776,0.0,2.99749019608e-07
777,0.0,3.00135294118e-07
778,0.0,3.00521568627e-07
779,0.0,3.00907843137e-07
780,0.0,3.01294117647e-07
781,0.0,3.01680392157e-07
782,0.0,3.02066666667e-07
783,0.0,3.02452941176e-07
784,0.0,3.02839215686e-07
785,0.0,3.03225490196e-07
786,0.0,3.03611764706e-07
787,0.0,3.03998039216e-07
788,0.0,3.04384313725e-07
789,0.0,3.04770588235e-07
790,0.0,3.05156862745e-07
791,0.0,3.05543137255e-07
792,0.0,3.05929411765e-07
793,0.0,3.06315686275e-07
794,0.0,3.06701960784e-07
795,0.0,3.07088235294e-07
796,0.0,3.07474509804e-07
797,0.0,3.07860784314e-07
798,0.0,3.08247058824e-07
799,0.0,3.08633333333e-07
800,0.0,3.09019607843e-07
801,0.0,3.09405882353e-07
802,0.0,3.09792156863e-07
803,0.0,3.10178431373e-07
804,0.0,3.10564705882e-07
805,0.0,3.10950980392e-07
806,0.0,3.11337254902e-07
807,0.0,3.11723529412e-07
808,0.0,3.12109803922e-07
809,0.0,3.12496078431e-07
810,0.0,3.12882352941e-07
811,0.0,3.13268627451e-07
812,0.0,3.13654901961e-07
813,0.0,3.14041176471e-07
814,0.0,3.1442745098e-07
815,0.0,3.1481372549e-07
816,0.0,3.152e-07
817,0.0,3.1558627451e-07
818,0.0,3.1597254902e-07
819,0.0,3.16358823529e-07
820,0.0,3.16745098039e-07
821,0.0,3.17131372549e-07
822,0.0,3.17517647059e-07
823,0.0,3.17903921569e-07
824,0.0,3.18290196078e-07
825,0.0,3.18676470588e-07
826,0.0,3.19062745098e-07
827,0.0,3.19449019608e-07
828,0.0,3.19835294118e-07
829,0.0,3.20221568627e-07
830,0.0,3.20607843137e-07
831,0.0,3.20994117647e-07
832,0.0,3.21380392157e-07
833,0.0,3.21766666667e-07
834,0.0,3.22152941176e-07
835,0.0,3.22539215686e-07
836,0.0,3.22925490196e-07
837,0.0,3.23311764706e-07
838,0.0,3.23698039216e-07
839,0.0,3.24084313725e-07
840,0.0,3.24470588235e-07
841,0.0,3.24856862745e-07
842,0.0,3.25243137255e-07
843,0.0,3.25629411765e-07
844,0.0,3.26015686275e-07
845,0.0,3.26401960784e-07
846,0.0,3.26788235294e-07
847,0.0,3.27174509804e-07
848,0.0,3.27560784314e-07
849,0.0,3.27947058824e-07
850,0.0,3.28333333333e-07
851,0.0,3.28719607843e-07
852,0.0,3.29105882353e-07
853,0.0,3.29492156863e-07
854,0.0,3.29878431373e-07
855,0.0,3.30264705882e-07
856,0.0,3.30650980392e-07
857,0.0,3.31037254902e-07
858,0.0,3.31423529412e-07
859,0.0,3.31809803922e-07
860,0.0,3.32196078431e-07
861,0.0,3.32582352941e-07
862,0.0,3.32968627451e-07
863,0.0,3.33354901961e-07
864,0.0,3.33741176471e-07
865,0.0,3.3412745098e-07
866,0.0,3.3451372549e-07
867,0.0,3.349e-07
868,0.0,3.3528627451e-07
869,0.0,3.3567254902e-07
870,0.0,3.36058823529e-07
871,0.0,3.36445098039e-07
872,0.0,3.36831372549e-07
873,0.0,3.37217647059e-07
874,0.0,3.37603921569e-07
875,0.0,3.37990196078e-07
876,0.0,3.38376470588e-07
877,0.0,3.38762745098e-07
878,0.0,3.39149019608e-07
879,0.0,3.39535294118e-07
880,0.0,3.39921568627e-07
881,0.0,3.40307843137e-07
882,0.0,3.40694117647e-07
883,0.0,3.41080392157e-07
884,0.0,3.41466666667e-07
885,0.0,3.41852941176e-07
886,0.0,3.42239215686e-07
887,0.0,3.42625490196e-07
888,0.0,3.43011764706e-07
889,0.0,3.43398039216e-07
890,0.0,3.43784313725e-07
891,0.0,3.44170588235e-07
892,0.0,3.44556862745e-07
893,0.0,3.44943137255e-07
894,0.0,3.45329411765e-07
895,0.0,3.45715686275e-07
896,0.0,3.46101960784e-07
897,0.0,3.46488235294e-07
898,0.0,3.46874509804e-07
899,0.0,3.47260784314e-07
900,0.0,3.47647058824e-07
901,0.0,3.48033333333e-07
902,0.0,3.48419607843e-07
903,0.0,3.48805882353e-07
904,0.0,3.49192156863e-07
905,0.0,3.49578431373e-07
906,0.0,3.49964705882e-07
907,0.0,3.50350980392e-07
908,0.0,3.50737254902e-07
909,0.0,3.51123529412e-07
910,0.0,3.51509803922e-07
911,0.0,3.51896078431e-07
912,0.0,3.52282352941e-07
913,0.0,3.52668627451e-07
914,0.0,3.53054901961e-07
915,0.0,3.53441176471e-07
916,0.0,3.5382745098e-07
917,0.0,3.5421372549e-07
918,0.0,3.546e-07
919,0.0,3.5498627451e-07
920,0.0,3.5537254902e-07
921,0.0,3.55758823529e-07
922,0.0,3.56145098039e-07
923,0.0,3.56531372549e-07
924,0.0,3.56917647059e-07
925,0.0,3.57303921569e-07
926,0.0,3.57690196078e-07
927,0.0,3.58076470588e-07
928,0.0,3.58462745098e-07
929,0.0,3.58849019608e-07
930,0.0,3.59235294118e-07
931,0.0,3.59621568627e-07
932,0.0,3.60007843137e-07
933,0.0,3.60394117647e-07
934,0.0,3.60780392157e-07
935,0.0,3.61166666667e-07
936,0.0,3.61552941176e-07
937,0.0,3.61939215686e-07
938,0.0,3.62325490196e-07
939,0.0,3.62711764706e-07
940,0.0,3.63098039216e-07
941,0.0,3.63484313725e-07
942,0.0,3.63870588235e-07
943,0.0,3.64256862745e-07
944,0.0,3.64643137255e-07
945,0.0,3.65029411765e-07
946,0.0,3.65415686275e-07
947,0.0,3.65801960784e-07
948,0.0,3.66188235294e-07
949,0.0,3.66574509804e-07
950,0.0,3.66960784314e-07
951,0.0,3.67347058824e-07
952,0.0,3.67733333333e-07
953,0.0,3.68119607843e-07
954,0.0,3.68505882353e-07
955,0.0,3.68892156863e-07
956,0.0,3.69278431373e-07
957,0.0,3.69664705882e-07
958,0.0,3.70050980392e-07
959,0.0,3.70437254902e-07
960,0.0,3.70823529412e-07
961,0.0,3.71209803922e-07
962,0.0,3.71596078431e-07
963,0.0,3.71982352941e-07
964,0.0,3.72368627451e-07
965,0.0,3.72754901961e-07
966,0.0,3.73141176471e-07
967,0.0,3.7352745098e-07
968,0.0,3.7391372549e-07
969,0.0,3.743e-07
970,0.0,3.7468627451e-07
971,0.0,3.7507254902e-07
972,0.0,3.75458823529e-07
973,0.0,3.75845098039e-07
974,0.0,3.76231372549e-07
975,0.0,3.76617647059e-07
976,0.0,3.77003921569e-07
977,0.0,3.77390196078e-07
978,0.0,3.77776470588e-07
979,0.0,3.78162745098e-07
980,0.0,3.78549019608e-07
981,0.0,3.78935294118e-07
982,0.0,3.79321568627e-07
983,0.0,3.79707843137e-07
984,0.0,3.80094117647e-07
985,0.0,3.80480392157e-07
986,0.0,3.80866666667e-07
987,0.0,3.81252941176e-07
988,0.0,3.81639215686e-07
989,0.0,3.82025490196e-07
990,0.0,3.82411764706e-07
991,0.0,3.82798039216e-07
992,0.0,3.83184313725e-07
993,0.0,3.83570588235e-07
994,0.0,3.83956862745e-07
995,0.0,3.84343137255e-07
996,0.0,3.84729411765e-07
997,0.0,3.85115686275e-07
998,0.0,3.85501960784e-07
999,0.0,3.85888235294e-07
1000,0.0,3.86274509804e-07
1001,0.0,3.86660784314e-07
1002,0.0,3.87047058824e-07
1003,0.0,3.87433333333e-07
1004,0.0,3.87819607843e-07
1005,0.0,3.88205882353e-07
1006,0.0,3.88592156863e-07
1007,0.0,3.88978431373e-07
1008,0.0,3.89364705882e-07
1009,0.0,3.89750980392e-07
1010,0.0,3.90137254902e-07
1011,0.0,3.90523529412e-07
1012,0.0,3.90909803922e-07
1013,0.0,3.91296078431e-07
1014,0.0,3.91682352941e-07
1015,0.0,3.92068627451e-07
1016,0.0,3.92454901961e-07
1017,0.0,3.92841176471e-07
1018,0.0,3.9322745098e-07
1019,0.0,3.9361372549e-07
1020,0.0,3.94e-07
1021,0.0,3.9438627451e-07
1022,0.0,3.9477254902e-07
1023,0.0,3.95158823529e-07
1024,0.0,3.95545098039e-07
1025,0.0,3.95931372549e-07
1026,0.0,3.96317647059e-07
1027,0.0,3.96703921569e-07
1028,0.0,3.97090196078e-07
1029,0.0,3.97476470588e-07
1030,0.0,3.97862745098e-07
1031,0.0,3.98249019608e-07
1032,0.0,3.98635294118e-07
1033,0.0,3.99021568627e-07
1034,0.0,3.99407843137e-07
1035,0.0,3.99794117647e-07
1036,0.0,4.00180392157e-07
1037,0.0,4.00566666667e-07
1038,0.0,4.00952941176e-07
1039,0.0,4.01339215686e-07
1040,0.0,4.01725490196e-07
1041,0.0,4.02111764706e-07
1042,0.0,4.02498039216e-07
1043,0.0,4.02884313725e-07
1044,0.0,4.03270588235e-07
1045,0.0,4.03656862745e-07
1046,0.0,4.04043137255e-07
1047,0.0,4.04429411765e-07
1048,0.0,4.04815686275e-07
1049,0.0,4.05201960784e-07
1050,0.0,4.05588235294e-07
1051,0.0,4.05974509804e-07
1052,0.0,4.06360784314e-07
1053,0.0,4.06747058824e-07
1054,0.0,4.07133333333e-07
1055,0.0,4.07519607843e-07
1056,0.0,4.07905882353e-07
1057,0.0,4.08292156863e-07
1058,0.0,4.08678431373e-07
1059,0.0,4.09064705882e-07
1060,0.0,4.09450980392e-07
1061,0.0,4.09837254902e-07
1062,0.0,4.10223529412e-07
1063,0.0,4.10609803922e-07
1064,0.0,4.10996078431e-07
1065,0.0,4.11382352941e-07
1066,0.0,4.11768627451e-07
1067,0.0,4.12154901961e-07
1068,0.0,4.12541176471e-07
1069,0.0,4.1292745098e-07
1070,0.0,4.1331372549e-07
1071,0.0,4.137e-07
1072,0.0,4.1408627451e-07
1073,0.0,4.1447254902e-07
1074,0.0,4.14858823529e-07
1075,0.0,4.15245098039e-07
1076,0.0,4.15631372549e-07
1077,0.0,4.16017647059e-07
1078,0.0,4.16403921569e-07
1079,0.0,4.16790196078e-07
1080,0.0,4.17176470588e-07
1081,0.0,4.17562745098e-07
1082,0.0,4.17949019608e-07
1083,0.0,4.18335294118e-07
1084,0.0,4.18721568627e-07
1085,0.0,4.19107843137e-07
1086,0.0,4.19494117647e-07
1087,0.0,4.19880392157e-07
1088,0.0,4.20266666667e-07
1089,0.0,4.20652941176e-07
1090,0.0,4.21039215686e-07
1091,0.0,4.21425490196e-07
1092,0.0,4.21811764706e-07
1093,0.0,4.22198039216e-07
1094,0.0,4.22584313725e-07
1095,0.0,4.22970588235e-07
1096,0.0,4.23356862745e-07
1097,0.0,4.23743137255e-07
1098,0.0,4.24129411765e-07
1099,0.0,4.24515686275e-07
1100,0.0,4.24901960784e-07
1101,0.0,4.25288235294e-07
1102,0.0,4.25674509804e-07
1103,0.0,4.26060784314e-07
1104,0.0,4.26447058824e-07
1105,0.0,4.26833333333e-07
1106,0.0,4.27219607843e-07
1107,0.0,4.27605882353e-07
1108,0.0,4.27992156863e-07
1109,0.0,4.28378431373e-07
1110,0.0,4.28764705882e-07
1111,0.0,4.29150980392e-07
1112,0.0,4.29537254902e-07
1113,0.0,4.29923529412e-07
1114,0.0,4.30309803922e-07
1115,0.0,4.30696078431e-07
1116,0.0,4.31082352941e-07
1117,0.0,4.31468627451e-07
1118,0.0,4.31854901961e-07
1119,0.0,4.32241176471e-07
1120,0.0,4.3262745098e-07
1121,0.0,4.3301372549e-07
1122,0.0,4.334e-07
1123,0.0,4.3378627451e-07
1124,0.0,4.3417254902e-07
1125,0.0,4.34558823529e-07
1126,0.0,4.34945098039e-07
1127,0.0,4.35331372549e-07
1128,0.0,4.35717647059e-07
1129,0.0,4.36103921569e-07
1130,0.0,4.36490196078e-07
1131,0.0,4.36876470588e-07
1132,0.0,4.37262745098e-07
1133,0.0,4.37649019608e-07
1134,0.0,4.38035294118e-07
1135,0.0,4.38421568627e-07
1136,0.0,4.38807843137e-07
1137,0.0,4.39194117647e-07
1138,0.0,4.39580392157e-07
1139,0.0,4.39966666667e-07
1140,0.0,4.40352941176e-07
1141,0.0,4.40739215686e-07
1142,0.0,4.41125490196e-07
1143,0.0,4.41511764706e-07
1144,0.0,4.41898039216e-07
1145,0.0,4.42284313725e-07
1146,0.0,4.42670588235e-07
1147,0.0,4.43056862745e-07
1148,0.0,4.43443137255e-07
1149,0.0,4.43829411765e-07
1150,0.0,4.44215686275e-07
1151,0.0,4.44601960784e-07
1152,0.0,4.44988235294e-07
1153,0.0,4.45374509804e-07
1154,0.0,4.45760784314e-07
1155,0.0,4.46147058824e-07
1156,0.0,4.46533333333e-07
1157,0.0,4.46919607843e-07
1158,0.0,4.47305882353e-07
1159,0.0,4.47692156863e-07
1160,0.0,4.48078431373e-07
1161,0.0,4.48464705882e-07
1162,0.0,4.48850980392e-07
1163,0.0,4.49237254902e-07
1164,0.0,4.49623529412e-07
1165,0.0,4.50009803922e-07
1166,0.0,4.50396078431e-07
1167,0.0,4.50782352941e-07
1168,0.0,4.51168627451e-07
1169,0.0,4.51554901961e-07
1170,0.0,4.51941176471e-07
1171,0.0,4.5232745098e-07
1172,0.0,4.5271372549e-07
1173,0.0,4.531e-07
1174,0.0,4.5348627451e-07
1175,0.0,4.5387254902e-07
1176,0.0,4.54258823529e-07
1177,0.0,4.54645098039e-07
1178,0.0,4.55031372549e-07
1179,0.0,4.55417647059e-07
1180,0.0,4.55803921569e-07
1181,0.0,4.56190196078e-07
1182,0.0,4.56576470588e-07
1183,0.0,4.56962745098e-07
1184,0.0,4.57349019608e-07
1185,0.0,4.57735294118e-07
1186,0.0,4.58121568627e-07
1187,0.0,4.58507843137e-07
1188,0.0,4.58894117647e-07
1189,0.0,4.59280392157e-07
1190,0.0,4.59666666667e-07
1191,0.0,4.60052941176e-07
1192,0.0,4.60439215686e-07
1193,0.0,4.60825490196e-07
1194,0.0,4.61211764706e-07
1195,0.0,4.61598039216e-07
1196,0.0,4.61984313725e-07
1197,0.0,4.62370588235e-07
1198,0.0,4.62756862745e-07
1199,0.0,4.63143137255e-07
1200,0.0,4.63529411765e-07
1201,0.0,4.63915686275e-07
1202,0.0,4.64301960784e-07
1203,0.0,4.64688235294e-07
1204,0.0,4.65074509804e-07
1205,0.0,4.65460784314e-07
1206,0.0,4.65847058824e-07
1207,0.0,4.66233333333e-07
1208,0.0,4.66619607843e-07
1209,0.0,4.67005882353e-07
1210,0.0,4.67392156863e-07
1211,0.0,4.67778431373e-07
1212,0.0,4.68164705882e-07
1213,0.0,4.68550980392e-07
1214,0.0,4.68937254902e-07
1215,0.0,4.69323529412e-07
1216,0.0,4.69709803922e-07
1217,0.0,4.70096078431e-07
1218,0.0,4.70482352941e-07
1219,0.0,4.70868627451e-07
1220,0.0,4.71254901961e-07
1221,0.0,4.71641176471e-07
1222,0.0,4.7202745098e-07
1223,0.0,4.7241372549e-07
1224,0.0,4.728e-07
1225,0.0,4.7318627451e-07
1226,0.0,4.7357254902e-07
1227,0.0,4.73958823529e-07
1228,0.0,4.74345098039e-07
1229,0.0,4.74731372549e-07
1230,0.0,4.75117647059e-07
1231,0.0,4.75503921569e-07
1232,0.0,4.75890196078e-07
1233,0.0,4.76276470588e-07
1234,0.0,4.76662745098e-07
1235,0.0,4.77049019608e-07
1236,0.0,4.77435294118e-07
1237,0.0,4.77821568627e-07
1238,0.0,4.78207843137e-07
1239,0.0,4.78594117647e-07
1240,0.0,4.78980392157e-07
1241,0.0,4.79366666667e-07
1242,0.0,4.79752941176e-07
1243,0.0,4.80139215686e-07
1244,0.0,4.80525490196e-07
1245,0.0,4.80911764706e-07
1246,0.0,4.81298039216e-07
1247,0.0,4.81684313725e-07
1248,0.0,4.82070588235e-07
1249,0.0,4.82456862745e-07
1250,0.0,4.82843137255e-07
1251,0.0,4.83229411765e-07
1252,0.0,4.83615686275e-07
1253,0.0,4.84001960784e-07
1254,0.0,4.84388235294e-07
1255,0.0,4.84774509804e-07
1256,0.0,4.85160784314e-07
1257,0.0,4.85547058824e-07
1258,0.0,4.85933333333e-07
1259,0.0,4.86319607843e-07
1260,0.0,4.86705882353e-07
1261,0.0,4.87092156863e-07
1262,0.0,4.87478431373e-07
1263,0.0,4.87864705882e-07
1264,0.0,4.88250980392e-07
1265,0.0,4.88637254902e-07
1266,0.0,4.89023529412e-07
1267,0.0,4.89409803922e-07
1268,0.0,4.89796078431e-07
1269,0.0,4.90182352941e-07
1270,0.0,4.90568627451e-07
1271,0.0,4.90954901961e-07
1272,0.0,4.91341176471e-07
1273,0.0,4.9172745098e-07
1274,0.0,4.9211372549e-07
1275,0.0,4.925e-07
1276,0.0,4.9288627451e-07
1277,0.0,4.9327254902e-07
1278,0.0,4.93658823529e-07
1279,0.0,4.94045098039e-07
1280,0.0,4.94431372549e-07
1281,0.0,4.94817647059e-07
1282,0.0,4.95203921569e-07
1283,0.0,4.95590196078e-07
1284,0.0,4.95976470588e-07
1285,0.0,4.96362745098e-07
1286,0.0,4.96749019608e-07
1287,0.0,4.97135294118e-07
1288,0.0,4.97521568627e-07
1289,0.0,4.97907843137e-07
1290,0.0,4.98294117647e-07
1291,0.0,4.98680392157e-07
1292,0.0,4.99066666667e-07
1293,0.0,4.99452941176e-07
1294,0.0,4.99839215686e-07
1295,0.0,5.00225490196e-07
1296,0.0,5.00611764706e-07
1297,0.0,5.00998039216e-07
1298,0.0,5.01384313725e-07
1299,0.0,5.01770588235e-07
1300,0.0,5.02156862745e-07
1301,0.0,5.02543137255e-07
1302,0.0,5.02929411765e-07
1303,0.0,5.03315686275e-07
1304,0.0,5.03701960784e-07
1305,0.0,5.04088235294e-07
1306,0.0,5.04474509804e-07
1307,0.0,5.04860784314e-07
1308,0.0,5.05247058824e-07
1309,0.0,5.05633333333e-07
1310,0.0,5.06019607843e-07
1311,0.0,5.06405882353e-07
1312,0.0,5.06792156863e-07
1313,0.0,5.07178431373e-07
1314,0.0,5.07564705882e-07
1315,0.0,5.07950980392e-07
1316,0.0,5.08337254902e-07
1317,0.0,5.08723529412e-07
1318,0.0,5.09109803922e-07
1319,0.0,5.09496078431e-07
1320,0.0,5.09882352941e-07
1321,0.0,5.10268627451e-07
1322,0.0,5.10654901961e-07
1323,0.0,5.11041176471e-07
1324,0.0,5.1142745098e-07
1325,0.0,5.1181372549e-07
1326,0.0,5.122e-07
1327,0.0,5.1258627451e-07
1328,0.0,5.1297254902e-07
1329,0.0,5.13358823529e-07
1330,0.0,5.13745098039e-07
1331,0.0,5.14131372549e-07
1332,0.0,5.14517647059e-07
1333,0.0,5.14903921569e-07
1334,0.0,5.15290196078e-07
1335,0.0,5.15676470588e-07
1336,0.0,5.16062745098e-07
1337,0.0,5.16449019608e-07
1338,0.0,5.16835294118e-07
1339,0.0,5.17221568627e-07
1340,0.0,5.17607843137e-07
1341,0.0,5.17994117647e-07
1342,0.0,5.18380392157e-07
1343,0.0,5.18766666667e-07
1344,0.0,5.19152941176e-07
1345,0.0,5.19539215686e-07
1346,0.0,5.19925490196e-07
1347,0.0,5.20311764706e-07
1348,0.0,5.20698039216e-07
1349,0.0,5.21084313725e-07
1350,0.0,5.21470588235e-07
1351,0.0,5.21856862745e-07
1352,0.0,5.22243137255e-07
1353,0.0,5.22629411765e-07
1354,0.0,5.23015686275e-07
1355,0.0,5.23401960784e-07
1356,0.0,5.23788235294e-07
1357,0.0,5.24174509804e-07
1358,0.0,5.24560784314e-07
1359,0.0,5.24947058824e-07
1360,0.0,5.25333333333e-07
1361,0.0,5.25719607843e-07
1362,0.0,5.26105882353e-07
1363,0.0,5.26492156863e-07
1364,0.0,5.26878431373e-07
1365,0.0,5.27264705882e-07
1366,0.0,5.27650980392e-07
1367,0.0,5.28037254902e-07
1368,0.0,5.28423529412e-07
1369,0.0,5.28809803922e-07
1370,0.0,5.29196078431e-07
1371,0.0,5.29582352941e-07
1372,0.0,5.29968627451e-07
1373,0.0,5.30354901961e-07
1374,0.0,5.30741176471e-07
1375,0.0,5.3112745098e-07
1376,0.0,5.3151372549e-07
1377,0.0,5.319e-07
1378,0.0,5.3228627451e-07
1379,0.0,5.3267254902e-07
1380,0.0,5.33058823529e-07
1381,0.0,5.33445098039e-07
1382,0.0,5.33831372549e-07
1383,0.0,5.34217647059e-07
1384,0.0,5.34603921569e-07
1385,0.0,5.34990196078e-07
1386,0.0,5.35376470588e-07
1387,0.0,5.35762745098e-07
1388,0.0,5.36149019608e-07
1389,0.0,5.36535294118e-07
1390,0.0,5.36921568627e-07
1391,0.0,5.37307843137e-07
1392,0.0,5.37694117647e-07
1393,0.0,5.38080392157e-07
1394,0.0,5.38466666667e-07
1395,0.0,5.38852941176e-07
1396,0.0,5.39239215686e-07
1397,0.0,5.39625490196e-07
1398,0.0,5.40011764706e-07
1399,0.0,5.40398039216e-07
1400,0.0,5.40784313725e-07
1401,0.0,5.41170588235e-07
1402,0.0,5.41556862745e-07
1403,0.0,5.41943137255e-07
1404,0.0,5.42329411765e-07
1405,0.0,5.42715686275e-07
1406,0.0,5.43101960784e-07
1407,0.0,5.43488235294e-07
1408,0.0,5.43874509804e-07
1409,0.0,5.44260784314e-07
1410,0.0,5.44647058824e-07
1411,0.0,5.45033333333e-07
1412,0.0,5.45419607843e-07
1413,0.0,5.45805882353e-07
1414,0.0,5.46192156863e-07
1415,0.0,5.46578431373e-07
1416,0.0,5.46964705882e-07
1417,0.0,5.47350980392e-07
1418,0.0,5.47737254902e-07
1419,0.0,5.48123529412e-07
1420,0.0,5.48509803922e-07
1421,0.0,5.48896078431e-07
1422,0.0,5.49282352941e-07
1423,0.0,5.49668627451e-07
1424,0.0,5.50054901961e-07
1425,0.0,5.50441176471e-07
1426,0.0,5.5082745098e-07
1427,0.0,5.5121372549e-07
1428,0.0,5.516e-07
1429,0.0,5.5198627451e-07
1430,0.0,5.5237254902e-07
1431,0.0,5.52758823529e-07
1432,0.0,5.53145098039e-07
1433,0.0,5.53531372549e-07
1434,0.0,5.53917647059e-07
1435,0.0,5.54303921569e-07
1436,0.0,5.54690196078e-07
1437,0.0,5.55076470588e-07
1438,0.0,5.55462745098e-07
1439,0.0,5.55849019608e-07
1440,0.0,5.56235294118e-07
1441,0.0,5.56621568627e-07
1442,0.0,5.57007843137e-07
1443,0.0,5.57394117647e-07
1444,0.0,5.57780392157e-07
1445,0.0,5.58166666667e-07
1446,0.0,5.58552941176e-07
1447,0.0,5.58939215686e-07
1448,0.0,5.59325490196e-07
1449,0.0,5.59711764706e-07
1450,0.0,5.60098039216e-07
1451,0.0,5.60484313725e-07
1452,0.0,5.60870588235e-07
1453,0.0,5.61256862745e-07
1454,0.0,5.61643137255e-07
1455,0.0,5.62029411765e-07
1456,0.0,5.62415686275e-07
1457,0.0,5.62801960784e-07
1458,0.0,5.63188235294e-07
1459,0.0,5.63574509804e-07
1460,0.0,5.63960784314e-07
1461,0.0,5.64347058824e-07
1462,0.0,5.64733333333e-07
1463,0.0,5.65119607843e-07
1464,0.0,5.65505882353e-07
1465,0.0,5.65892156863e-07
1466,0.0,5.66278431373e-07
1467,0.0,5.66664705882e-07
1468,0.0,5.67050980392e-07
1469,0.0,5.67437254902e-07
1470,0.0,5.67823529412e-07
1471,0.0,5.68209803922e-07
1472,0.0,5.68596078431e-07
1473,0.0,5.68982352941e-07
1474,0.0,5.69368627451e-07
1475,0.0,5.69754901961e-07
1476,0.0,5.70141176471e-07
1477,0.0,5.7052745098e-07
1478,0.0,5.7091372549e-07
1479,0.0,5.713e-07
1480,0.0,5.7168627451e-07
1481,0.0,5.7207254902e-07
1482,0.0,5.72458823529e-07
1483,0.0,5.72845098039e-07
1484,0.0,5.73231372549e-07
1485,0.0,5.73617647059e-07
1486,0.0,5.74003921569e-07
1487,0.0,5.74390196078e-07
1488,0.0,5.74776470588e-07
1489,0.0,5.75162745098e-07
1490,0.0,5.75549019608e-07
1491,0.0,5.75935294118e-07
1492,0.0,5.76321568627e-07
1493,0.0,5.76707843137e-07
1494,0.0,5.77094117647e-07
1495,0.0,5.77480392157e-07
1496,0.0,5.77866666667e-07
1497,0.0,5.78252941176e-07
1498,0.0,5.78639215686e-07
1499,0.0,5.79025490196e-07
1500,0.0,5.79411764706e-07
1501,0.0,5.79798039216e-07
1502,0.0,5.80184313725e-07
1503,0.0,5.80570588235e-07
1504,0.0,5.80956862745e-07
1505,0.0,5.81343137255e-07
1506,0.0,5.81729411765e-07
1507,0.0,5.82115686275e-07
1508,0.0,5.82501960784e-07
1509,0.0,5.82888235294e-07
1510,0.0,5.83274509804e-07
1511,0.0,5.83660784314e-07
1512,0.0,5.84047058824e-07
1513,0.0,5.84433333333e-07
1514,0.0,5.84819607843e-07
1515,0.0,5.85205882353e-07
1516,0.0,5.85592156863e-07
1517,0.0,5.85978431373e-07
1518,0.0,5.86364705882e-07
1519,0.0,5.86750980392e-07
1520,0.0,5.87137254902e-07
1521,0.0,5.87523529412e-07
1522,0.0,5.87909803922e-07
1523,0.0,5.88296078431e-07
1524,0.0,5.88682352941e-07
1525,0.0,5.89068627451e-07
1526,0.0,5.89454901961e-07
1527,0.0,5.89841176471e-07
1528,0.0,5.9022745098e-07
1529,0.0,5.9061372549e-07
1530,0.0,5.91e-07
1531,0.0,5.9138627451e-07
1532,0.0,5.9177254902e-07
1533,0.0,5.92158823529e-07
1534,0.0,5.92545098039e-07
1535,0.0,5.92931372549e-07
1536,0.0,5.93317647059e-07
1537,0.0,5.93703921569e-07
1538,0.0,5.94090196078e-07
1539,0.0,5.94476470588e-07
1540,0.0,5.94862745098e-07
1541,0.0,5.95249019608e-07
1542,0.0,5.95635294118e-07
1543,0.0,5.96021568627e-07
1544,0.0,5.96407843137e-07
1545,0.0,5.96794117647e-07
1546,0.0,5.97180392157e-07
1547,0.0,5.97566666667e-07
1548,0.0,5.97952941176e-07
1549,0.0,5.98339215686e-07
1550,0.0,5.98725490196e-07
1551,0.0,5.99111764706e-07
1552,0.0,5.99498039216e-07
1553,0.0,5.99884313725e-07
1554,0.0,6.00270588235e-07
1555,0.0,6.00656862745e-07
1556,0.0,6.01043137255e-07
1557,0.0,6.01429411765e-07
1558,0.0,6.01815686275e-07
1559,0.0,6.02201960784e-07
1560,0.0,6.02588235294e-07
1561,0.0,6.02974509804e-07
1562,0.0,6.03360784314e-07
1563,0.0,6.03747058824e-07
1564,0.0,6.04133333333e-07
1565,0.0,6.04519607843e-07
1566,0.0,6.04905882353e-07
1567,0.0,6.05292156863e-07
1568,0.0,6.05678431373e-07
1569,0.0,6.06064705882e-07
1570,0.0,6.06450980392e-07
1571,0.0,6.06837254902e-07
1572,0.0,6.07223529412e-07
1573,0.0,6.07609803922e-07
1574,0.0,6.07996078431e-07
1575,0.0,6.08382352941e-07
1576,0.0,6.08768627451e-07
1577,0.0,6.09154901961e-07
1578,0.0,6.09541176471e-07
1579,0.0,6.0992745098e-07
1580,0.0,6.1031372549e-07
1581,0.0,6.107e-07
1582,0.0,6.1108627451e-07
1583,0.0,6.1147254902e-07
1584,0.0,6.11858823529e-07
1585,0.0,6.12245098039e-07
1586,0.0,6.12631372549e-07
1587,0.0,6.13017647059e-07
1588,0.0,6.13403921569e-07
1589,0.0,6.13790196078e-07
1590,0.0,6.14176470588e-07
1591,0.0,6.14562745098e-07
1592,0.0,6.14949019608e-07
1593,0.0,6.15335294118e-07
1594,0.0,6.15721568627e-07
1595,0.0,6.16107843137e-07
1596,0.0,6.16494117647e-07
1597,0.0,6.16880392157e-07
1598,0.0,6.17266666667e-07
1599,0.0,6.17652941176e-07
1600,0.0,6.18039215686e-07
1601,0.0,6.18425490196e-07
1602,0.0,6.18811764706e-07
1603,0.0,6.19198039216e-07
1604,0.0,6.19584313725e-07
1605,0.0,6.19970588235e-07
1606,0.0,6.20356862745e-07
1607,0.0,6.20743137255e-07
1608,0.0,6.21129411765e-07
1609,0.0,6.21515686275e-07
1610,0.0,6.21901960784e-07
1611,0.0,6.22288235294e-07
1612,0.0,6.22674509804e-07
1613,0.0,6.23060784314e-07
1614,0.0,6.23447058824e-07
1615,0.0,6.23833333333e-07
1616,0.0,6.24219607843e-07
1617,0.0,6.24605882353e-07
1618,0.0,6.24992156863e-07
1619,0.0,6.25378431373e-07
1620,0.0,6.25764705882e-07
1621,0.0,6.26150980392e-07
1622,0.0,6.26537254902e-07
1623,0.0,6.26923529412e-07
1624,0.0,6.27309803922e-07
1625,0.0,6.27696078431e-07
1626,0.0,6.28082352941e-07
1627,0.0,6.28468627451e-07
1628,0.0,6.28854901961e-07
1629,0.0,6.29241176471e-07
1630,0.0,6.2962745098e-07
1631,0.0,6.3001372549e-07
1632,0.0,6.304e-07
1633,0.0,6.3078627451e-07
1634,0.0,6.3117254902e-07
1635,0.0,6.31558823529e-07
1636,0.0,6.31945098039e-07
1637,0.0,6.32331372549e-07
1638,0.0,6.32717647059e-07
1639,0.0,6.33103921569e-07
1640,0.0,6.33490196078e-07
1641,0.0,6.33876470588e-07
1642,0.0,6.34262745098e-07
1643,0.0,6.34649019608e-07
1644,0.0,6.35035294118e-07
1645,0.0,6.35421568627e-07
1646,0.0,6.35807843137e-07
1647,0.0,6.36194117647e-07
1648,0.0,6.36580392157e-07
1649,0.0,6.36966666667e-07
1650,0.0,6.37352941176e-07
1651,0.0,6.37739215686e-07
1652,0.0,6.38125490196e-07
1653,0.0,6.38511764706e-07
1654,0.0,6.38898039216e-07
1655,0.0,6.39284313725e-07
1656,0.0,6.39670588235e-07
1657,0.0,6.40056862745e-07
1658,0.0,6.40443137255e-07
1659,0.0,6.40829411765e-07
1660,0.0,6.41215686275e-07
1661,0.0,6.41601960784e-07
1662,0.0,6.41988235294e-07
1663,0.0,6.42374509804e-07
1664,0.0,6.42760784314e-07
1665,0.0,6.43147058824e-07
1666,0.0,6.43533333333e-07
1667,0.0,6.43919607843e-07
1668,0.0,6.44305882353e-07
1669,0.0,6.44692156863e-07
1670,0.0,6.45078431373e-07
1671,0.0,6.45464705882e-07
1672,0.0,6.45850980392e-07
1673,0.0,6.46237254902e-07
1674,0.0,6.46623529412e-07
1675,0.0,6.47009803922e-07
1676,0.0,6.47396078431e-07
1677,0.0,6.47782352941e-07
1678,0.0,6.48168627451e-07
1679,0.0,6.48554901961e-07
1680,0.0,6.48941176471e-07
1681,0.0,6.4932745098e-07
1682,0.0,6.4971372549e-07
1683,0.0,6.501e-07
1684,0.0,6.5048627451e-07
1685,0.0,6.5087254902e-07
1686,0.0,6.51258823529e-07
1687,0.0,6.51645098039e-07
1688,0.0,6.52031372549e-07
1689,0.0,6.52417647059e-07
1690,0.0,6.52803921569e-07
1691,0.0,6.53190196078e-07
1692,0.0,6.53576470588e-07
1693,0.0,6.53962745098e-07
1694,0.0,6.54349019608e-07
1695,0.0,6.54735294118e-07
1696,0.0,6.55121568627e-07
1697,0.0,6.55507843137e-07
1698,0.0,6.55894117647e-07
1699,0.0,6.56280392157e-07
1700,0.0,6.56666666667e-07
1701,0.0,6.57052941176e-07
1702,0.0,6.57439215686e-07
1703,0.0,6.57825490196e-07
1704,0.0,6.58211764706e-07
1705,0.0,6.58598039216e-07
1706,0.0,6.58984313725e-07
1707,0.0,6.59370588235e-07
1708,0.0,6.59756862745e-07
1709,0.0,6.60143137255e-07
1710,0.0,6.60529411765e-07
1711,0.0,6.60915686275e-07
1712,0.0,6.61301960784e-07
1713,0.0,6.61688235294e-07
1714,0.0,6.62074509804e-07
1715,0.0,6.62460784314e-07
1716,0.0,6.62847058824e-07
1717,0.0,6.63233333333e-07
1718,0.0,6.63619607843e-07
1719,0.0,6.64005882353e-07
1720,0.0,6.64392156863e-07
1721,0.0,6.64778431373e-07
1722,0.0,6.65164705882e-07
1723,0.0,6.65550980392e-07
1724,0.0,6.65937254902e-07
1725,0.0,6.66323529412e-07
1726,0.0,6.66709803922e-07
1727,0.0,6.67096078431e-07
1728,0.0,6.67482352941e-07
1729,0.0,6.67868627451e-07
1730,0.0,6.68254901961e-07
1731,0.0,6.68641176471e-07
1732,0.0,6.6902745098e-07
1733,0.0,6.6941372549e-07
1734,0.0,6.698e-07
1735,0.0,6.7018627451e-07
1736,0.0,6.7057254902e-07
1737,0.0,6.70958823529e-07
1738,0.0,6.71345098039e-07
1739,0.0,6.71731372549e-07
1740,0.0,6.72117647059e-07
1741,0.0,6.72503921569e-07
1742,0.0,6.72890196078e-07
1743,0.0,6.73276470588e-07
1744,0.0,6.73662745098e-07
1745,0.0,6.74049019608e-07
1746,0.0,6.74435294118e-07
1747,0.0,6.74821568627e-07
1748,0.0,6.75207843137e-07
1749,0.0,6.75594117647e-07
1750,0.0,6.75980392157e-07
1751,0.0,6.76366666667e-07
1752,0.0,6.76752941176e-07
1753,0.0,6.77139215686e-07
1754,0.0,6.77525490196e-07
1755,0.0,6.77911764706e-07
1756,0.0,6.78298039216e-07
1757,0.0,6.78684313725e-07
1758,0.0,6.79070588235e-07
1759,0.0,6.79456862745e-07
1760,0.0,6.79843137255e-07
1761,0.0,6.80229411765e-07
1762,0.0,6.80615686275e-07
1763,0.0,6.81001960784e-07
1764,0.0,6.81388235294e-07
1765,0.0,6.81774509804e-07
1766,0.0,6.82160784314e-07
1767,0.0,6.82547058824e-07
1768,0.0,6.82933333333e-07
1769,0.0,6.83319607843e-07
1770,0.0,6.83705882353e-07
1771,0.0,6.84092156863e-07
1772,0.0,6.84478431373e-07
1773,0.0,6.84864705882e-07
1774,0.0,6.85250980392e-07
1775,0.0,6.85637254902e-07
1776,0.0,6.86023529412e-07
1777,0.0,6.86409803922e-07
1778,0.0,6.86796078431e-07
1779,0.0,6.87182352941e-07
1780,0.0,6.87568627451e-07
1781,0.0,6.87954901961e-07
1782,0.0,6.88341176471e-07
1783,0.0,6.8872745098e-07
1784,0.0,6.8911372549e-07
1785,0.0,6.895e-07
1786,0.0,6.8988627451e-07
1787,0.0,6.9027254902e-07
1788,0.0,6.90658823529e-07
1789,0.0,6.91045098039e-07
1790,0.0,6.91431372549e-07
1791,0.0,6.91817647059e-07
1792,0.0,6.92203921569e-07
1793,0.0,6.92590196078e-07
1794,0.0,6.92976470588e-07
1795,0.0,6.93362745098e-07
1796,0.0,6.93749019608e-07
1797,0.0,6.94135294118e-07
1798,0.0,6.94521568627e-07
1799,0.0,6.94907843137e-07
1800,0.0,6.95294117647e-07
1801,0.0,6.95680392157e-07
1802,0.0,6.96066666667e-07
1803,0.0,6.96452941176e-07
1804,0.0,6.96839215686e-07
1805,0.0,6.97225490196e-07
1806,0.0,6.97611764706e-07
1807,0.0,6.97998039216e-07
1808,0.0,6.98384313725e-07
1809,0.0,6.98770588235e-07
1810,0.0,6.99156862745e-07
1811,0.0,6.99543137255e-07
1812,0.0,6.99929411765e-07
1813,0.0,7.00315686275e-07
1814,0.0,7.00701960784e-07
1815,0.0,7.01088235294e-07
1816,0.0,7.01474509804e-07
1817,0.0,7.01860784314e-07
1818,0.0,7.02247058824e-07
1819,0.0,7.02633333333e-07
1820,0.0,7.03019607843e-07
1821,0.0,7.03405882353e-07
1822,0.0,7.03792156863e-07
1823,0.0,7.04178431373e-07
1824,0.0,7.04564705882e-07
1825,0.0,7.04950980392e-07
1826,0.0,7.05337254902e-07
1827,0.0,7.05723529412e-07
1828,0.0,7.06109803922e-07
1829,0.0,7.06496078431e-07
1830,0.0,7.06882352941e-07
1831,0.0,7.07268627451e-07
1832,0.0,7.07654901961e-07
1833,0.0,7.08041176471e-07
1834,0.0,7.0842745098e-07
1835,0.0,7.0881372549e-07
1836,0.0,7.092e-07
1837,0.0,7.0958627451e-07
1838,0.0,7.0997254902e-07
1839,0.0,7.10358823529e-07
1840,0.0,7.10745098039e-07
1841,0.0,7.11131372549e-07
1842,0.0,7.11517647059e-07
1843,0.0,7.11903921569e-07
1844,0.0,7.12290196078e-07
1845,0.0,7.12676470588e-07
1846,0.0,7.13062745098e-07
1847,0.0,7.13449019608e-07
1848,0.0,7.13835294118e-07
1849,0.0,7.14221568627e-07
1850,0.0,7.14607843137e-07
1851,0.0,7.14994117647e-07
1852,0.0,7.15380392157e-07
1853,0.0,7.15766666667e-07
1854,0.0,7.16152941176e-07
1855,0.0,7.16539215686e-07
1856,0.0,7.16925490196e-07
1857,0.0,7.17311764706e-07
1858,0.0,7.17698039216e-07
1859,0.0,7.18084313725e-07
1860,0.0,7.18470588235e-07
1861,0.0,7.18856862745e-07
1862,0.0,7.19243137255e-07
1863,0.0,7.19629411765e-07
1864,0.0,7.20015686275e-07
1865,0.0,7.20401960784e-07
1866,0.0,7.20788235294e-07
1867,0.0,7.21174509804e-07
1868,0.0,7.21560784314e-07
1869,0.0,7.21947058824e-07
1870,0.0,7.22333333333e-07
1871,0.0,7.22719607843e-07
1872,0.0,7.23105882353e-07
1873,0.0,7.23492156863e-07
1874,0.0,7.23878431373e-07
1875,0.0,7.24264705882e-07
1876,0.0,7.24650980392e-07
1877,0.0,7.25037254902e-07
1878,0.0,7.25423529412e-07
1879,0.0,7.25809803922e-07
1880,0.0,7.26196078431e-07
1881,0.0,7.26582352941e-07
1882,0.0,7.26968627451e-07
1883,0.0,7.27354901961e-07
1884,0.0,7.27741176471e-07
1885,0.0,7.2812745098e-07
1886,0.0,7.2851372549e-07
1887,0.0,7.289e-07
1888,0.0,7.2928627451e-07
1889,0.0,7.2967254902e-07
1890,0.0,7.30058823529e-07
1891,0.0,7.30445098039e-07
1892,0.0,7.30831372549e-07
1893,0.0,7.31217647059e-07
1894,0.0,7.31603921569e-07
1895,0.0,7.31990196078e-07
1896,0.0,7.32376470588e-07
1897,0.0,7.32762745098e-07
1898,0.0,7.33149019608e-07
1899,0.0,7.33535294118e-07
1900,0.0,7.33921568627e-07
1901,0.0,7.34307843137e-07
1902,0.0,7.34694117647e-07
1903,0.0,7.35080392157e-07
1904,0.0,7.35466666667e-07
1905,0.0,7.35852941176e-07
1906,0.0,7.36239215686e-07
1907,0.0,7.36625490196e-07
1908,0.0,7.37011764706e-07
1909,0.0,7.37398039216e-07
1910,0.0,7.37784313725e-07
1911,0.0,7.38170588235e-07
1912,0.0,7.38556862745e-07
1913,0.0,7.38943137255e-07
1914,0.0,7.39329411765e-07
1915,0.0,7.39715686275e-07
1916,0.0,7.40101960784e-07
1917,0.0,7.40488235294e-07
1918,0.0,7.40874509804e-07
1919,0.0,7.41260784314e-07
1920,0.0,7.41647058824e-07
1921,0.0,7.42033333333e-07
1922,0.0,7.42419607843e-07
1923,0.0,7.42805882353e-07
1924,0.0,7.43192156863e-07
1925,0.0,7.43578431373e-07
1926,0.0,7.43964705882e-07
1927,0.0,7.44350980392e-07
1928,0.0,7.44737254902e-07
1929,0.0,7.45123529412e-07
1930,0.0,7.45509803922e-07
1931,0.0,7.45896078431e-07
1932,0.0,7.46282352941e-07
1933,0.0,7.46668627451e-07
1934,0.0,7.47054901961e-07
1935,0.0,7.47441176471e-07
1936,0.0,7.4782745098e-07
1937,0.0,7.4821372549e-07
1938,0.0,7.486e-07
1939,0.0,7.4898627451e-07
1940,0.0,7.4937254902e-07
1941,0.0,7.49758823529e-07
1942,0.0,7.50145098039e-07
1943,0.0,7.50531372549e-07
1944,0.0,7.50917647059e-07
1945,0.0,7.51303921569e-07
1946,0.0,7.51690196078e-07
1947,0.0,7.52076470588e-07
1948,0.0,7.52462745098e-07
1949,0.0,7.52849019608e-07
1950,0.0,7.53235294118e-07
1951,0.0,7.53621568627e-07
1952,0.0,7.54007843137e-07
1953,0.0,7.54394117647e-07
1954,0.0,7.54780392157e-07
1955,0.0,7.55166666667e-07
1956,0.0,7.55552941176e-07
1957,0.0,7.55939215686e-07
1958,0.0,7.56325490196e-07
1959,0.0,7.56711764706e-07
1960,0.0,7.57098039216e-07
1961,0.0,7.57484313725e-07
1962,0.0,7.57870588235e-07
1963,0.0,7.58256862745e-07
1964,0.0,7.58643137255e-07
1965,0.0,7.59029411765e-07
1966,0.0,7.59415686275e-07
1967,0.0,7.59801960784e-07
1968,0.0,7.60188235294e-07
1969,0.0,7.60574509804e-07
