,electric_field_1m_V_per_m,time_s
0,23.5297679397,0.0
1,16.9377589631,3.86274509804e-10
2,1.436511594,7.72549019608e-10
3,-14.3750055235,1.15882352941e-09
4,-21.6486542155,1.54509803922e-09
5,-16.3007249007,1.93137254902e-09
6,-1.39250354639,2.31764705882e-09
7,14.5525240156,2.70392156863e-09
8,22.396033207,3.09019607843e-09
9,17.6421352093,3.47647058824e-09
10,3.06827868406,3.86274509804e-09
11,-12.8188692508,4.24901960784e-09
12,-20.6401543817,4.63529411765e-09
13,-15.520615372,5.02156862745e-09
14,0.117637983781,5.40784313725e-09
15,17.9485576295,5.79411764706e-09
16,28.4858204839,6.18039215686e-09
17,26.4021293075,6.56666666667e-09
18,13.3502413667,6.95294117647e-09
19,-3.2790097749,7.33921568627e-09
20,-14.8177714669,7.72549019608e-09
21,-16.2903963806,8.11176470588e-09
22,-8.9616154959,8.49803921569e-09
23,0.929214924623,8.88431372549e-09
24,6.30577412361,9.27058823529e-09
25,3.62143679108,9.6568627451e-09
26,-5.22426226118,1.00431372549e-08
27,-14.4755722997,1.04294117647e-08
28,-18.4286000521,1.08156862745e-08
29,-15.0277633766,1.12019607843e-08
30,-6.79949150105,1.15882352941e-08
31,1.40716836804,1.19745098039e-08
32,6.21844259752,1.23607843137e-08
33,8.3124543339,1.27470588235e-08
34,11.7718374611,1.31333333333e-08
35,20.4123738617,1.35196078431e-08
36,33.5322506179,1.39058823529e-08
37,44.2820861911,1.42921568627e-08
38,42.4595474581,1.46784313725e-08
39,20.6910814931,1.50647058824e-08
40,-19.5888722163,1.54509803922e-08
41,-66.4805961477,1.5837254902e-08
42,-102.292349907,1.62235294118e-08
43,-112.805097895,1.66098039216e-08
44,-96.1656200281,1.69960784314e-08
45,-65.8351467477,1.73823529412e-08
46,-44.7494316694,1.7768627451e-08
47,-52.6900114069,1.81549019608e-08
48,-93.1955200144,1.85411764706e-08
49,-147.547780356,1.89274509804e-08
50,-180.396446253,1.93137254902e-08
51,-155.686560246,1.97e-08
52,-55.7479787396,2.00862745098e-08
53,106.087876221,2.04725490196e-08
54,286.535327903,2.08588235294e-08
55,427.842507275,2.12450980392e-08
56,481.273097104,2.1631372549e-08
57,427.842507275,2.20176470588e-08
58,286.535327903,2.24039215686e-08
59,106.087876221,2.27901960784e-08
60,-55.7479787396,2.31764705882e-08
61,-155.686560246,2.3562745098e-08
62,-180.396446253,2.39490196078e-08
63,-147.547780356,2.43352941176e-08
64,-93.1955200144,2.47215686275e-08
65,-52.6900114069,2.51078431373e-08
66,-44.7494316694,2.54941176471e-08
67,-65.8351467477,2.58803921569e-08
68,-96.1656200281,2.62666666667e-08
69,-112.805097895,2.66529411765e-08
70,-102.292349907,2.70392156863e-08
71,-66.4805961477,2.74254901961e-08
72,-19.5888722163,2.78117647059e-08
73,20.6910814931,2.81980392157e-08
74,42.4595474581,2.85843137255e-08
75,44.2820861911,2.89705882353e-08
76,33.5322506179,2.93568627451e-08
77,20.4123738617,2.97431372549e-08
78,11.7718374611,3.01294117647e-08
79,8.3124543339,3.05156862745e-08
80,6.21844259752,3.09019607843e-08
81,1.40716836804,3.12882352941e-08
82,-6.79949150105,3.16745098039e-08
83,-15.0277633766,3.20607843137e-08
84,-18.4286000521,3.24470588235e-08
85,-14.4755722997,3.28333333333e-08
86,-5.22426226118,3.32196078431e-08
87,3.62143679108,3.36058823529e-08
88,6.30577412361,3.39921568627e-08
89,0.929214924623,3.43784313725e-08
90,-8.9616154959,3.47647058824e-08
91,-16.2903963806,3.51509803922e-08
92,-14.8177714669,3.5537254902e-08
93,-3.2790097749,3.59235294118e-08
94,13.3502413667,3.63098039216e-08
95,26.4021293075,3.66960784314e-08
96,28.4858204839,3.70823529412e-08
97,17.9485576295,3.7468627451e-08
98,0.117637983781,3.78549019608e-08
99,-15.520615372,3.82411764706e-08
100,-20.6401543817,3.86274509804e-08
101,-12.8188692508,3.90137254902e-08
102,3.06827868406,3.94e-08
103,17.6421352093,3.97862745098e-08
104,22.396033207,4.01725490196e-08
105,14.5525240156,4.05588235294e-08
106,-1.39250354639,4.09450980392e-08
107,-16.3007249007,4.1331372549e-08
108,-21.6486542155,4.17176470588e-08
109,-14.3750055235,4.21039215686e-08
110,1.436511594,4.24901960784e-08
111,16.9377589631,4.28764705882e-08
112,23.5297679397,4.3262745098e-08
113,17.6238776444,4.36490196078e-08
114,2.49136657863,4.40352941176e-08
115,-13.7318966684,4.44215686275e-08
116,-22.6298744488,4.48078431373e-08
117,-20.032642465,4.51941176471e-08
118,-7.99826693928,4.55803921569e-08
119,6.68820098512,4.59666666667e-08
120,16.4505674294,4.63529411765e-08
121,16.9670277833,4.67392156863e-08
122,9.11090938039,4.71254901961e-08
123,-2.08443011957,4.75117647059e-08
124,-10.5809730827,4.78980392157e-08
125,-12.6567303205,4.82843137255e-08
126,-8.54111674224,4.86705882353e-08
127,-1.66040177357,4.90568627451e-08
128,3.77657054497,4.94431372549e-08
129,5.25766906203,4.98294117647e-08
130,3.07410072326,5.02156862745e-08
131,-0.396832035295,5.06019607843e-08
132,-2.53841862013,5.09882352941e-08
133,-2.17868934182,5.13745098039e-08
134,-0.0824717116954,5.17607843137e-08
135,1.90010374201,5.21470588235e-08
136,2.29458541549,5.25333333333e-08
137,1.01196050445,5.29196078431e-08
138,-0.752028335762,5.33058823529e-08
139,-1.57003227433,5.36921568627e-08
140,-0.965765571004,5.40784313725e-08
141,0.166267295748,5.44647058824e-08
142,0.238000145428,5.48509803922e-08
143,-1.72088233391,5.5237254902e-08
144,-5.0680380211,5.56235294118e-08
145,-7.65671450321,5.60098039216e-08
146,-7.10973698261,5.63960784314e-08
147,-2.50614347193,5.67823529412e-08
148,4.6347717338,5.7168627451e-08
149,10.8296871692,5.75549019608e-08
150,12.4416100206,5.79411764706e-08
151,7.83013187275,5.83274509804e-08
152,-1.45020255261,5.87137254902e-08
153,-11.2058604166,5.91e-08
154,-16.7084993478,5.94862745098e-08
155,-15.2112951586,5.98725490196e-08
156,-7.45653740016,6.02588235294e-08
157,2.69868070023,6.06450980392e-08
158,10.3430816443,6.1031372549e-08
159,12.0998188834,6.14176470588e-08
160,7.79520423218,6.18039215686e-08
161,0.310246727732,6.21901960784e-08
162,-6.22313847199,6.25764705882e-08
163,-8.78028286402,6.2962745098e-08
164,-6.98405022104,6.33490196078e-08
165,-2.99361192735,6.37352941176e-08
166,0.0845815184224,6.41215686275e-08
167,0.224722158547,6.45078431373e-08
168,-2.30356658898,6.48941176471e-08
169,-5.24021653313,6.52803921569e-08
170,-5.91312478185,6.56666666667e-08
171,-3.06906821968,6.60529411765e-08
172,2.19698661253,6.64392156863e-08
173,6.99568889548,6.68254901961e-08
174,8.34612647238,6.72117647059e-08
175,4.99554648555,6.75980392157e-08
176,-1.74075450404,6.79843137255e-08
177,-8.62251891887,6.83705882353e-08
178,-12.2323552724,6.87568627451e-08
179,-10.8126961734,6.91431372549e-08
180,-5.15260428527,6.95294117647e-08
181,1.93294303008,6.99156862745e-08
182,7.16821941658,7.03019607843e-08
183,8.49657044605,7.06882352941e-08
184,5.94980682578,7.10745098039e-08
185,1.31959449556,7.14607843137e-08
186,-3.03995039777,7.18470588235e-08
187,-5.49135393415,7.22333333333e-08
188,-5.74083634705,7.26196078431e-08
189,-4.56776904615,7.30058823529e-08
190,-2.99530330888,7.33921568627e-08
191,-1.54671645111,7.37784313725e-08
192,-0.0863449501104,7.41647058824e-08
193,1.72458519243,7.45509803922e-08
194,3.78479787736,7.4937254902e-08
195,5.28376275428,7.53235294118e-08
196,5.08997181679,7.57098039216e-08
197,2.58443690886,7.60960784314e-08
198,-1.64252732784,7.64823529412e-08
199,-5.79106364304,7.6868627451e-08
200,-7.68592979249,7.72549019608e-08
201,-6.02294773788,7.76411764706e-08
202,-1.27524562501,7.80274509804e-08
203,4.3582268968,7.84137254902e-08
204,8.03392874215,7.88e-08
205,7.812959446,7.91862745098e-08
206,3.78938490359,7.95725490196e-08
207,-1.89127481203,7.99588235294e-08
208,-6.18357417212,8.03450980392e-08
209,-6.83297606339,8.0731372549e-08
210,-3.63874112165,8.11176470588e-08
211,1.44829562671,8.15039215686e-08
212,5.45916603291,8.18901960784e-08
213,6.11859653839,8.22764705882e-08
214,3.14228516427,8.2662745098e-08
215,-1.6306595737,8.30490196078e-08
216,-5.33734193294,8.34352941176e-08
217,-5.77061933636,8.38215686275e-08
218,-2.65504941338,8.42078431373e-08
219,2.21594010585,8.45941176471e-08
220,6.04188551488,8.49803921569e-08
221,6.6378617551,8.53666666667e-08
222,3.66799149758,8.57529411765e-08
223,-1.2100948792,8.61392156863e-08
224,-5.33895383491,8.65254901961e-08
225,-6.5828940503,8.69117647059e-08
226,-4.48568636402,8.72980392157e-08
227,-0.420874429649,8.76843137255e-08
228,3.29678004585,8.80705882353e-08
229,4.76845315412,8.84568627451e-08
230,3.52843510351,8.88431372549e-08
231,0.660607107546,8.92294117647e-08
232,-1.9837787565,8.96156862745e-08
233,-2.9379250868,9.00019607843e-08
234,-1.93209518381,9.03882352941e-08
235,0.0868407763511,9.07745098039e-08
236,1.67217503787,9.11607843137e-08
237,1.83178605166,9.15470588235e-08
238,0.613316371582,9.19333333333e-08
239,-1.01483675564,9.23196078431e-08
240,-1.85959122374,9.27058823529e-08
241,-1.29507042308,9.30921568627e-08
242,0.361238883781,9.34784313725e-08
243,2.103808698,9.38647058824e-08
244,2.92347693597,9.42509803922e-08
245,2.45110366507,9.4637254902e-08
246,1.14011925167,9.50235294118e-08
247,-0.109488049365,9.54098039216e-08
248,-0.606347193007,9.57960784314e-08
249,-0.34149295034,9.61823529412e-08
250,0.0480380318434,9.6568627451e-08
251,-0.199899303921,9.69549019608e-08
252,-1.33279203644,9.73411764706e-08
253,-2.78668330414,9.77274509804e-08
254,-3.47642373488,9.81137254902e-08
255,-2.52183080462,9.85e-08
256,0.0559917736425,9.88862745098e-08
257,3.15445985749,9.92725490196e-08
258,5.10938824065,9.96588235294e-08
259,4.65400557294,1.00045098039e-07
260,1.74899517279,1.00431372549e-07
261,-2.2496528658,1.00817647059e-07
262,-5.24518934709,1.01203921569e-07
263,-5.54291045572,1.01590196078e-07
264,-2.83206886864,1.01976470588e-07
265,1.57759780824,1.02362745098e-07
266,5.4311398186,1.02749019608e-07
267,6.75231971913,1.03135294118e-07
268,4.92628200028,1.03521568627e-07
269,1.02451389857,1.03907843137e-07
270,-2.8103949885,1.04294117647e-07
271,-4.56258964365,1.04680392157e-07
272,-3.43677304767,1.05066666667e-07
273,-0.234214579151,1.05452941176e-07
274,3.17656516487,1.05839215686e-07
275,4.95806593889,1.06225490196e-07
276,4.3215592741,1.06611764706e-07
277,1.88932889596,1.06998039216e-07
278,-0.768104535012,1.07384313725e-07
279,-2.10301749029,1.07770588235e-07
280,-1.47529258808,1.08156862745e-07
281,0.557936108202,1.08543137255e-07
282,2.6755001803,1.08929411765e-07
283,3.64025910671,1.09315686275e-07
284,3.0270122229,1.09701960784e-07
285,1.40263447382,1.10088235294e-07
286,-0.109857708585,1.10474509804e-07
287,-0.571943313071,1.10860784314e-07
288,0.203223633846,1.11247058824e-07
289,1.59754042119,1.11633333333e-07
290,2.64741797466,1.12019607843e-07
291,2.69210001056,1.12405882353e-07
292,1.78475825229,1.12792156863e-07
293,0.613604515986,1.13178431373e-07
294,0.00799256902891,1.13564705882e-07
295,0.371507875336,1.13950980392e-07
296,1.42049863611,1.14337254902e-07
297,2.3949326877,1.14723529412e-07
298,2.59169219865,1.15109803922e-07
299,1.85692206925,1.15496078431e-07
300,0.702693013521,1.15882352941e-07
301,-0.0358122438457,1.16268627451e-07
302,0.221988374202,1.16654901961e-07
303,1.37696624555,1.17041176471e-07
304,2.67343828441,1.1742745098e-07
305,3.17553279129,1.1781372549e-07
306,2.39875609121,1.182e-07
307,0.681950780459,1.1858627451e-07
308,-0.963786621665,1.1897254902e-07
309,-1.46270062831,1.19358823529e-07
310,-0.370825077394,1.19745098039e-07
311,1.78357987451,1.20131372549e-07
312,3.75586528889,1.20517647059e-07
313,4.31066058652,1.20903921569e-07
314,2.98823254727,1.21290196078e-07
315,0.43647520063,1.21676470588e-07
316,-1.91810091924,1.22062745098e-07
317,-2.68906598116,1.22449019608e-07
318,-1.36106675637,1.22835294118e-07
319,1.36788216026,1.23221568627e-07
320,3.95361168261,1.23607843137e-07
321,4.88314935447,1.23994117647e-07
322,3.55435688097,1.24380392157e-07
323,0.640503231435,1.24766666667e-07
324,-2.27930661522,1.25152941176e-07
325,-3.61300188428,1.25539215686e-07
326,-2.65471751885,1.25925490196e-07
327,0.0278802942064,1.26311764706e-07
328,2.93372254272,1.26698039216e-07
329,4.48705128042,1.27084313725e-07
330,3.91116501068,1.27470588235e-07
331,1.61933044167,1.27856862745e-07
332,-1.07972068886,1.28243137255e-07
333,-2.76130445735,1.28629411765e-07
334,-2.67865068501,1.29015686275e-07
335,-1.11693449209,1.29401960784e-07
336,0.865287046087,1.29788235294e-07
337,2.11221117152,1.30174509804e-07
338,2.03800310034,1.30560784314e-07
339,0.894492625674,1.30947058824e-07
340,-0.483992712854,1.31333333333e-07
341,-1.25777231564,1.31719607843e-07
342,-1.09942428517,1.32105882353e-07
343,-0.336120450179,1.32492156863e-07
344,0.341166801475,1.32878431373e-07
345,0.380668883401,1.33264705882e-07
346,-0.258717988026,1.33650980392e-07
347,-1.10701882931,1.34037254902e-07
348,-1.53785989878,1.34423529412e-07
349,-1.2259228842,1.34809803922e-07
350,-0.391061530765,1.35196078431e-07
351,0.339731034218,1.35582352941e-07
352,0.362303406247,1.35968627451e-07
353,-0.472219956449,1.36354901961e-07
354,-1.71972390283,1.36741176471e-07
355,-2.60651732976,1.3712745098e-07
356,-2.53412135668,1.3751372549e-07
357,-1.49800314382,1.379e-07
358,-0.136142447068,1.3828627451e-07
359,0.645012582928,1.3867254902e-07
360,0.245010565289,1.39058823529e-07
361,-1.2187283247,1.39445098039e-07
362,-2.9364162665,1.39831372549e-07
363,-3.87538196073,1.40217647059e-07
364,-3.41735306599,1.40603921569e-07
365,-1.76921014342,1.40990196078e-07
366,0.120685373646,1.41376470588e-07
367,1.10953494839,1.41762745098e-07
368,0.550129938676,1.42149019608e-07
369,-1.29568180017,1.42535294118e-07
370,-3.38225844346,1.42921568627e-07
371,-4.48364720468,1.43307843137e-07
372,-3.92182134603,1.43694117647e-07
373,-1.98302909514,1.44080392157e-07
374,0.233650482615,1.44466666667e-07
375,1.45325371777,1.44852941176e-07
376,0.972879960641,1.45239215686e-07
377,-0.923045785221,1.45625490196e-07
378,-3.12726631044,1.46011764706e-07
379,-4.35639090949,1.46398039216e-07
380,-3.89662811603,1.46784313725e-07
381,-2.00956729602,1.47170588235e-07
382,0.235351709456,1.47556862745e-07
383,1.59356007298,1.47943137255e-07
384,1.36336826531,1.48329411765e-07
385,-0.231963597926,1.48715686275e-07
386,-2.21027509145,1.49101960784e-07
387,-3.42790717561,1.49488235294e-07
388,-3.24210620625,1.49874509804e-07
389,-1.84838671411,1.50260784314e-07
390,-0.111741545596,1.50647058824e-07
391,0.981224848555,1.51033333333e-07
392,0.903500937753,1.51419607843e-07
393,-0.144615079526,1.51805882353e-07
394,-1.42019872653,1.52192156863e-07
395,-2.13223857757,1.52578431373e-07
396,-1.92361740992,1.52964705882e-07
397,-1.04567038714,1.53350980392e-07
398,-0.139014893871,1.53737254902e-07
399,0.21389247226,1.54123529412e-07
400,-0.136263061646,1.54509803922e-07
401,-0.841819633114,1.54896078431e-07
402,-1.33137200298,1.55282352941e-07
403,-1.22376180694,1.55668627451e-07
404,-0.59866148787,1.56054901961e-07
405,0.0594059041293,1.56441176471e-07
406,0.205425931619,1.5682745098e-07
407,-0.367138964577,1.5721372549e-07
408,-1.3475077634,1.576e-07
409,-2.08168254253,1.5798627451e-07
410,-1.99847162627,1.5837254902e-07
411,-1.01280274141,1.58758823529e-07
412,0.366167705042,1.59145098039e-07
413,1.31309314645,1.59531372549e-07
414,1.19312580972,1.59917647059e-07
415,-0.0169349308813,1.60303921569e-07
416,-1.66812804071,1.60690196078e-07
417,-2.79790673896,1.61076470588e-07
418,-2.7038682653,1.61462745098e-07
419,-1.38500200538,1.61849019608e-07
420,0.428105415813,1.62235294118e-07
421,1.68781925225,1.62621568627e-07
422,1.64952955948,1.63007843137e-07
423,0.325433067042,1.63394117647e-07
424,-1.50712286287,1.63780392157e-07
425,-2.75659073697,1.64166666667e-07
426,-2.66308968603,1.64552941176e-07
427,-1.25340203134,1.64939215686e-07
428,0.669554800652,1.65325490196e-07
429,1.99930598118,1.65711764706e-07
430,1.97950092922,1.66098039216e-07
431,0.648868786831,1.66484313725e-07
432,-1.18676886113,1.66870588235e-07
433,-2.4357454071,1.67256862745e-07
434,-2.36495826191,1.67643137255e-07
435,-1.02311663454,1.68029411765e-07
436,0.804482537108,1.68415686275e-07
437,2.07381692235,1.68801960784e-07
438,2.09981979091,1.69188235294e-07
439,0.944306114645,1.69574509804e-07
440,-0.649173515315,1.69960784314e-07
441,-1.72029917975,1.70347058824e-07
442,-1.66624636793,1.70733333333e-07
443,-0.578892370881,1.71119607843e-07
444,0.846928002412,1.71505882353e-07
445,1.76074442192,1.71892156863e-07
446,1.67418896593,1.72278431373e-07
447,0.732874315044,1.72664705882e-07
448,-0.411097697254,1.73050980392e-07
449,-1.02885932047,1.73437254902e-07
450,-0.768010153735,1.73823529412e-07
451,0.152102476708,1.74209803922e-07
452,1.11251673345,1.74596078431e-07
453,1.50949659001,1.74982352941e-07
454,1.13935941921,1.75368627451e-07
455,0.309263642997,1.75754901961e-07
456,-0.387414579918,1.76141176471e-07
457,-0.475343442857,1.7652745098e-07
458,0.0871959565389,1.7691372549e-07
459,0.887446970073,1.773e-07
460,1.34307475196,1.7768627451e-07
461,1.10304780146,1.7807254902e-07
462,0.297840026368,1.78458823529e-07
463,-0.530787379219,1.78845098039e-07
464,-0.781362928287,1.79231372549e-07
465,-0.200218306273,1.79617647059e-07
466,0.923364293096,1.80003921569e-07
467,1.91192279176,1.80390196078e-07
468,2.11863834195,1.80776470588e-07
469,1.34999856773,1.81162745098e-07
470,0.0198068272933,1.81549019608e-07
471,-1.07625688428,1.81935294118e-07
472,-1.23903878509,1.82321568627e-07
473,-0.306289769404,1.82707843137e-07
474,1.22211014801,1.83094117647e-07
475,2.46332145585,1.83480392157e-07
476,2.67582913865,1.83866666667e-07
477,1.71379052231,1.84252941176e-07
478,0.131792217417,1.84639215686e-07
479,-1.13152192149,1.85025490196e-07
480,-1.30702463682,1.85411764706e-07
481,-0.255204883129,1.85798039216e-07
482,1.44500085757,1.86184313725e-07
483,2.83452941271,1.86570588235e-07
484,3.13866075922,1.86956862745e-07
485,2.22062060585,1.87343137255e-07
486,0.654628402407,1.87729411765e-07
487,-0.621834922696,1.88115686275e-07
488,-0.864666247182,1.88501960784e-07
489,0.0454857678472,1.88888235294e-07
490,1.55122826153,1.89274509804e-07
491,2.76832255514,1.89660784314e-07
492,3.01886996463,1.90047058824e-07
493,2.22439930941,1.90433333333e-07
494,0.927868015693,1.90819607843e-07
495,-0.0567580704089,1.91205882353e-07
496,-0.144007874934,1.91592156863e-07
497,0.681184447924,1.91978431373e-07
498,1.88054005773,1.92364705882e-07
499,2.71488360371,1.92750980392e-07
500,2.70441867853,1.93137254902e-07
501,1.91078434665,1.93523529412e-07
502,0.873962249683,1.93909803922e-07
503,0.255684850498,1.94296078431e-07
504,0.421253668619,1.94682352941e-07
505,1.22274843899,1.95068627451e-07
506,2.1128395911,1.95454901961e-07
507,2.5072377636,1.95841176471e-07
508,2.15925695108,1.9622745098e-07
509,1.30800692125,1.9661372549e-07
510,0.510731505664,1.97e-07
511,0.273017205336,1.9738627451e-07
512,0.718349496637,1.9777254902e-07
513,1.51044629886,1.98158823529e-07
514,2.07725038136,1.98545098039e-07
515,1.99036898312,1.98931372549e-07
516,1.25301582631,1.99317647059e-07
517,0.307605554451,1.99703921569e-07
518,-0.245785086402,2.00090196078e-07
519,-0.041647551205,2.00476470588e-07
520,0.800934999735,2.00862745098e-07
521,1.7362409872,2.01249019608e-07
522,2.12866962285,2.01635294118e-07
523,1.65937682748,2.02021568627e-07
524,0.544090482955,2.02407843137e-07
525,-0.582578928677,2.02794117647e-07
526,-1.05272269937,2.03180392157e-07
527,-0.584546803077,2.03566666667e-07
528,0.527619583823,2.03952941176e-07
529,1.57815114225,2.04339215686e-07
530,1.87602216366,2.04725490196e-07
531,1.17315136695,2.05111764706e-07
532,-0.170240093291,2.05498039216e-07
533,-1.39086430322,2.05884313725e-07
534,-1.77894823847,2.06270588235e-07
535,-1.11050266878,2.06656862745e-07
536,0.209073697562,2.07043137255e-07
537,1.38078645099,2.07429411765e-07
538,1.68743280581,2.07815686275e-07
539,0.922287727277,2.08201960784e-07
540,-0.487754729581,2.08588235294e-07
541,-1.73850397101,2.08974509804e-07
542,-2.12859958602,2.09360784314e-07
543,-1.47347297564,2.09747058824e-07
544,-0.205416523699,2.10133333333e-07
545,0.896029972609,2.10519607843e-07
546,1.1754941139,2.10905882353e-07
547,0.487988127278,2.11292156863e-07
548,-0.730501708172,2.11678431373e-07
549,-1.74310638007,2.12064705882e-07
550,-1.96482800187,2.12450980392e-07
551,-1.30934352588,2.12837254902e-07
552,-0.222484872434,2.13223529412e-07
553,0.608747580448,2.13609803922e-07
554,0.684237075367,2.13996078431e-07
555,-0.0104964139646,2.14382352941e-07
556,-1.01452399054,2.14768627451e-07
557,-1.69499959385,2.15154901961e-07
558,-1.64712929167,2.15541176471e-07
559,-0.938996493063,2.1592745098e-07
560,-0.0525591195425,2.1631372549e-07
561,0.43431492304,2.167e-07
562,0.218289373907,2.1708627451e-07
563,-0.542014363518,2.1747254902e-07
564,-1.3373256767,2.17858823529e-07
565,-1.64234956899,2.18245098039e-07
566,-1.25719031354,2.18631372549e-07
567,-0.436665931835,2.19017647059e-07
568,0.274652952051,2.19403921569e-07
569,0.395451444764,2.19790196078e-07
570,-0.177819348816,2.20176470588e-07
571,-1.09742938112,2.20562745098e-07
572,-1.78117582308,2.20949019608e-07
573,-1.78354845711,2.21335294118e-07
574,-1.08544789568,2.21721568627e-07
575,-0.116060059647,2.22107843137e-07
576,0.511196068775,2.22494117647e-07
577,0.385228918842,2.22880392157e-07
578,-0.437033169634,2.23266666667e-07
579,-1.45613783982,2.23652941176e-07
580,-2.03563405176,2.24039215686e-07
581,-1.79978744752,2.24425490196e-07
582,-0.874939218389,2.24811764706e-07
583,0.17944199746,2.25198039216e-07
584,0.71175553886,2.25584313725e-07
585,0.38251783186,2.25970588235e-07
586,-0.619043604248,2.26356862745e-07
587,-1.68319756965,2.26743137255e-07
588,-2.14968851762,2.27129411765e-07
589,-1.71358874203,2.27515686275e-07
590,-0.616893981774,2.27901960784e-07
591,0.493964254888,2.28288235294e-07
592,0.959452325914,2.28674509804e-07
593,0.508397923126,2.29060784314e-07
594,-0.576181060549,2.29447058824e-07
595,-1.62862414229,2.29833333333e-07
596,-2.00471853724,2.30219607843e-07
597,-1.47141199566,2.30605882353e-07
598,-0.34480650005,2.30992156863e-07
599,0.706012471203,2.31378431373e-07
600,1.06722548308,2.31764705882e-07
601,0.550099198729,2.32150980392e-07
602,-0.502209765076,2.32537254902e-07
603,-1.43234396033,2.32923529412e-07
604,-1.6734434265,2.33309803922e-07
605,-1.09103256276,2.33696078431e-07
606,-0.0545533679895,2.34082352941e-07
607,0.799992302318,2.34468627451e-07
608,0.964721308409,2.34854901961e-07
609,0.366451908306,2.35241176471e-07
610,-0.601327566177,2.3562745098e-07
611,-1.33460910164,2.3601372549e-07
612,-1.39824720707,2.364e-07
613,-0.790545597838,2.3678627451e-07
614,0.0690192281633,2.3717254902e-07
615,0.61536703271,2.37558823529e-07
616,0.498680453168,2.37945098039e-07
617,-0.198052164235,2.38331372549e-07
618,-1.01994440738,2.38717647059e-07
619,-1.43730270249,2.39103921569e-07
620,-1.18763866342,2.39490196078e-07
621,-0.444335022858,2.39876470588e-07
622,0.295058595154,2.40262745098e-07
623,0.529303800508,2.40649019608e-07
624,0.078216814727,2.41035294118e-07
625,-0.796029184774,2.41421568627e-07
626,-1.55014425174,2.41807843137e-07
627,-1.70330008482,2.42194117647e-07
628,-1.14608602792,2.42580392157e-07
629,-0.217793708147,2.42966666667e-07
630,0.500223575124,2.43352941176e-07
631,0.548251060306,2.43739215686e-07
632,-0.118650499426,2.44125490196e-07
633,-1.09400749032,2.44511764706e-07
634,-1.76662583019,2.44898039216e-07
635,-1.69983261761,2.45284313725e-07
636,-0.907592254345,2.45670588235e-07
637,0.14640859217,2.46056862745e-07
638,0.829586717101,2.46443137255e-07
639,0.729702998196,2.46829411765e-07
640,-0.0880217571121,2.47215686275e-07
641,-1.1164620162,2.47601960784e-07
642,-1.71513457206,2.47988235294e-07
643,-1.50295703908,2.48374509804e-07
644,-0.593393127713,2.48760784314e-07
645,0.47350663432,2.49147058824e-07
646,1.06111493549,2.49533333333e-07
647,0.825645718615,2.49919607843e-07
648,-0.0743966078964,2.50305882353e-07
649,-1.07723492236,2.50692156863e-07
650,-1.56379628404,2.51078431373e-07
651,-1.23733505293,2.51464705882e-07
652,-0.303356580707,2.51850980392e-07
653,0.659749885178,2.52237254902e-07
654,1.0581992877,2.52623529412e-07
655,0.64736038591,2.53009803922e-07
656,-0.320701645867,2.53396078431e-07
657,-1.25575200435,2.53782352941e-07
658,-1.59407615991,2.54168627451e-07
659,-1.14337423009,2.54554901961e-07
660,-0.196068049649,2.54941176471e-07
661,0.656192264765,2.5532745098e-07
662,0.889335611904,2.5571372549e-07
663,0.367068786615,2.561e-07
664,-0.582082072383,2.5648627451e-07
665,-1.37499893747,2.5687254902e-07
666,-1.53757163231,2.57258823529e-07
667,-0.994663407935,2.57645098039e-07
668,-0.108049388592,2.58031372549e-07
669,0.557360693094,2.58417647059e-07
670,0.589617467341,2.58803921569e-07
671,-0.0154724820789,2.59190196078e-07
672,-0.858548525879,2.59576470588e-07
673,-1.39396172582,2.59962745098e-07
674,-1.27584441526,2.60349019608e-07
675,-0.574616489291,2.60735294118e-07
676,0.271251387346,2.61121568627e-07
677,0.735947983756,2.61507843137e-07
678,0.541024352509,2.61894117647e-07
679,-0.167681741773,2.62280392157e-07
680,-0.912544167038,2.62666666667e-07
681,-1.18746836034,2.63052941176e-07
682,-0.780257095293,2.63439215686e-07
683,0.0900873802877,2.63825490196e-07
684,0.908908566102,2.64211764706e-07
685,1.19010228396,2.64598039216e-07
686,0.785251405141,2.64984313725e-07
687,-0.0178147790119,2.65370588235e-07
688,-0.671210441771,2.65756862745e-07
689,-0.709625902309,2.66143137255e-07
690,-0.0455287936019,2.66529411765e-07
691,0.969030135421,2.66915686275e-07
692,1.75531799896,2.67301960784e-07
693,1.86530101284,2.67688235294e-07
694,1.26192603391,2.68074509804e-07
695,0.347027479672,2.68460784314e-07
696,-0.282609840399,2.68847058824e-07
697,-0.201708842032,2.69233333333e-07
698,0.580674801462,2.69619607843e-07
699,1.624903849,2.70005882353e-07
700,2.32960117889,2.70392156863e-07
701,2.30020772831,2.70778431373e-07
702,1.59010952671,2.71164705882e-07
703,0.665868731058,2.71550980392e-07
704,0.11852554055,2.71937254902e-07
705,0.299590793039,2.72323529412e-07
706,1.10633093512,2.72709803922e-07
707,2.04804169397,2.73096078431e-07
708,2.5510392816,2.73482352941e-07
709,2.31292085863,2.73868627451e-07
710,1.48719195038,2.74254901961e-07
711,0.585358908122,2.74641176471e-07
712,0.158836111745,2.7502745098e-07
713,0.458721059051,2.7541372549e-07
714,1.28384888916,2.758e-07
715,2.1095864667,2.7618627451e-07
716,2.41539282281,2.7657254902e-07
717,2.00670015945,2.76958823529e-07
718,1.131768082,2.77345098039e-07
719,0.322860586051,2.77731372549e-07
720,0.0627229337176,2.78117647059e-07
721,0.485041280884,2.78503921569e-07
722,1.29484358577,2.78890196078e-07
723,1.95660399868,2.79276470588e-07
724,2.03083029897,2.79662745098e-07
725,1.44824910405,2.80049019608e-07
726,0.550993281958,2.80435294118e-07
727,-0.123417324349,2.80821568627e-07
728,-0.178866417532,2.81207843137e-07
729,0.392862479873,2.81594117647e-07
730,1.20941921619,2.81980392157e-07
731,1.73942748207,2.82366666667e-07
732,1.63590816316,2.82752941176e-07
733,0.952440668627,2.83139215686e-07
734,0.107156023451,2.83525490196e-07
735,-0.38190688183,2.83911764706e-07
736,-0.223297810589,2.84298039216e-07
737,0.464698302174,2.84684313725e-07
738,1.22917994613,2.85070588235e-07
739,1.56866268264,2.85456862745e-07
740,1.25017445273,2.85843137255e-07
741,0.457868809813,2.86229411765e-07
742,-0.320868778789,2.86615686275e-07
743,-0.601136911928,2.87001960784e-07
744,-0.206623300309,2.87388235294e-07
745,0.616355472906,2.87774509804e-07
746,1.34968207798,2.88160784314e-07
747,1.52619057339,2.88547058824e-07
748,1.023156642,2.88933333333e-07
749,0.142520663102,2.89319607843e-07
750,-0.573836156068,2.89705882353e-07
751,-0.680205855594,2.90092156863e-07
752,-0.105880606388,2.90478431373e-07
753,0.797397270611,2.90864705882e-07
754,1.47025463011,2.91250980392e-07
755,1.49068098683,2.91637254902e-07
756,0.835683427999,2.92023529412e-07
757,-0.102921379746,2.92409803922e-07
758,-0.759097984134,2.92796078431e-07
759,-0.741266455122,2.93182352941e-07
760,-0.073659278427,2.93568627451e-07
761,0.818756713688,2.93954901961e-07
762,1.37231482592,2.94341176471e-07
763,1.23155099423,2.9472745098e-07
764,0.466764450949,2.9511372549e-07
765,-0.471507101803,2.955e-07
766,-1.03189661378,2.9588627451e-07
767,-0.901962685875,2.9627254902e-07
768,-0.19829810332,2.96658823529e-07
769,0.609415267382,2.97045098039e-07
770,0.991675353008,2.97431372549e-07
771,0.686922191877,2.97817647059e-07
772,-0.139189240367,2.98203921569e-07
773,-1.00029943417,2.98590196078e-07
774,-1.39359795186,2.98976470588e-07
775,-1.11166593062,2.99362745098e-07
776,-0.368374043652,2.99749019608e-07
777,0.337930251749,3.00135294118e-07
778,0.537009693528,3.00521568627e-07
779,0.0795048989887,3.00907843137e-07
780,-0.772098429175,3.01294117647e-07
781,-1.50956337526,3.01680392157e-07
782,-1.69696341278,3.02066666667e-07
783,-1.24162688529,3.02452941176e-07
784,-0.449423325863,3.02839215686e-07
785,0.168751498434,3.03225490196e-07
786,0.217103981793,3.03611764706e-07
787,-0.338816663315,3.03998039216e-07
788,-1.15307600448,3.04384313725e-07
789,-1.71814587867,3.04770588235e-07
790,-1.6834976856,3.05156862745e-07
791,-1.074194388,3.05543137255e-07
792,-0.273082379201,3.05929411765e-07
793,0.221304088067,3.06315686275e-07
794,0.108547948293,3.06701960784e-07
795,-0.525253719633,3.07088235294e-07
796,-1.26255855421,3.07474509804e-07
797,-1.61803604919,3.07860784314e-07
798,-1.34502218228,3.08247058824e-07
799,-0.592105325045,3.08633333333e-07
800,0.1888392114,3.09019607843e-07
801,0.525879815046,3.09405882353e-07
802,0.224000285326,3.09792156863e-07
803,-0.510808870368,3.10178431373e-07
804,-1.19902708477,3.10564705882e-07
805,-1.38775439527,3.10950980392e-07
806,-0.936003227038,3.11337254902e-07
807,-0.106070074193,3.11723529412e-07
808,0.597434420663,3.12109803922e-07
809,0.741620078291,3.12496078431e-07
810,0.236866091987,3.12882352941e-07
811,-0.604131955534,3.13268627451e-07
812,-1.25800587405,3.13654901961e-07
813,-1.3150233966,3.14041176471e-07
814,-0.734782182344,3.1442745098e-07
815,0.126158362045,3.1481372549e-07
816,0.732922354555,3.152e-07
817,0.702460855489,3.1558627451e-07
818,0.0407934246335,3.1597254902e-07
819,-0.859866803974,3.16358823529e-07
820,-1.46267155217,3.16745098039e-07
821,-1.41704802147,3.17131372549e-07
822,-0.774274375928,3.17517647059e-07
823,0.0454412541308,3.17903921569e-07
824,0.513563377236,3.18290196078e-07
825,0.319836816572,3.18676470588e-07
826,-0.43721106178,3.19062745098e-07
827,-1.31312390721,3.19449019608e-07
828,-1.79373564552,3.19835294118e-07
829,-1.61283852562,3.20221568627e-07
830,-0.914494648181,3.20607843137e-07
831,-0.16039443411,3.20994117647e-07
832,0.158799293368,3.21380392157e-07
833,-0.172048558283,3.21766666667e-07
834,-0.961196739069,3.22152941176e-07
835,-1.732255557,3.22539215686e-07
836,-2.02242851094,3.22925490196e-07
837,-1.67022707632,3.23311764706e-07
838,-0.913703209636,3.23698039216e-07
839,-0.239156308363,3.24084313725e-07
840,-0.0760047379988,3.24470588235e-07
841,-0.528919886872,3.24856862745e-07
842,-1.31419597978,3.25243137255e-07
843,-1.93916611253,3.25629411765e-07
844,-2.01157704322,3.26015686275e-07
845,-1.48505404347,3.26401960784e-07
846,-0.687327840661,3.26788235294e-07
847,-0.114113508973,3.27174509804e-07
848,-0.118115531355,3.27560784314e-07
849,-0.687985829004,3.27947058824e-07
850,-1.45549440473,3.28333333333e-07
851,-1.92622785108,3.28719607843e-07
852,-1.78927177343,3.29105882353e-07
853,-1.1119926765,3.29492156863e-07
854,-0.297998206936,3.29878431373e-07
855,0.165431251564,3.30264705882e-07
856,0.0123803595334,3.30650980392e-07
857,-0.635168085012,3.31037254902e-07
858,-1.34372582019,3.31423529412e-07
859,-1.64007866273,3.31809803922e-07
860,-1.3085263246,3.32196078431e-07
861,-0.527409799739,3.32582352941e-07
862,0.241047686867,3.32968627451e-07
863,0.539376912101,3.33354901961e-07
864,0.201883177579,3.33741176471e-07
865,-0.539613715518,3.3412745098e-07
866,-1.19826158983,3.3451372549e-07
867,-1.334942327,3.349e-07
868,-0.832944124877,3.3528627451e-07
869,0.0270200969569,3.3567254902e-07
870,0.739124236076,3.36058823529e-07
871,0.885771551976,3.36445098039e-07
872,0.397481258855,3.36831372549e-07
873,-0.402498221265,3.37217647059e-07
874,-0.997234629045,3.37603921569e-07
875,-0.995848027445,3.37990196078e-07
876,-0.37578952201,3.38376470588e-07
877,0.502679747485,3.38762745098e-07
878,1.11896879603,3.39149019608e-07
879,1.11384208618,3.39535294118e-07
880,0.511117197238,3.39921568627e-07
881,-0.297694233572,3.40307843137e-07
882,-0.795847422917,3.40694117647e-07
883,-0.660372551017,3.41080392157e-07
884,0.0399004823817,3.41466666667e-07
885,0.889258448821,3.41852941176e-07
886,1.38400416035,3.42239215686e-07
887,1.24397506558,3.42625490196e-07
888,0.583514809815,3.43011764706e-07
889,-0.163103838974,3.43398039216e-07
890,-0.513891721266,3.43784313725e-07
891,-0.238668285764,3.44170588235e-07
892,0.500386574956,3.44556862745e-07
893,1.25348761775,3.44943137255e-07
894,1.56645990445,3.45329411765e-07
895,1.26474584859,3.45715686275e-07
896,0.560933276275,3.46101960784e-07
897,-0.0805165565478,3.46488235294e-07
898,-0.235745398869,3.46874509804e-07
899,0.212375507841,3.47260784314e-07
900,1.00102219893,3.47647058824e-07
901,1.65258993416,3.48033333333e-07
902,1.77448101457,3.48419607843e-07
903,1.30558348107,3.48805882353e-07
904,0.55501162197,3.49192156863e-07
905,0.00876771486155,3.49578431373e-07
906,0.025271096333,3.49964705882e-07
907,0.610334419214,3.50350980392e-07
908,1.41260142743,3.50737254902e-07
909,1.94264866758,3.51123529412e-07
910,1.87900903798,3.51509803922e-07
911,1.26978530214,3.51896078431e-07
912,0.503494872522,3.52282352941e-07
913,0.066854694784,3.52668627451e-07
914,0.240454739602,3.53054901961e-07
915,0.92241998461,3.53441176471e-07
916,1.69062064556,3.5382745098e-07
917,2.06523492141,3.5421372549e-07
918,1.80825404859,3.546e-07
919,1.07304671569,3.5498627451e-07
920,0.310201939991,3.5537254902e-07
921,-0.0123218455637,3.55758823529e-07
922,0.299230306534,3.56145098039e-07
923,1.04281355734,3.56531372549e-07
924,1.74516806747,3.56917647059e-07
925,1.95561830519,3.57303921569e-07
926,1.52660520802,3.57690196078e-07
927,0.70638039473,3.58076470588e-07
928,-0.0141494014625,3.58462745098e-07
929,-0.205640838434,3.58849019608e-07
930,0.233213495577,3.59235294118e-07
931,1.01250163974,3.59621568627e-07
932,1.63059348126,3.60007843137e-07
933,1.6850663302,3.60394117647e-07
934,1.12223246185,3.60780392157e-07
935,0.270612472971,3.61166666667e-07
936,-0.362190168587,3.61552941176e-07
937,-0.403061789541,3.61939215686e-07
938,0.156959258147,3.62325490196e-07
939,0.958814218948,3.62711764706e-07
940,1.49890787541,3.63098039216e-07
941,1.44063979757,3.63484313725e-07
942,0.820705319043,3.63870588235e-07
943,0.0230259219869,3.64256862745e-07
944,-0.462080244381,3.64643137255e-07
945,-0.342721385219,3.65029411765e-07
946,0.295386670824,3.65415686275e-07
947,1.04583077479,3.65801960784e-07
948,1.43746887522,3.66188235294e-07
949,1.22872071104,3.66574509804e-07
950,0.556458274834,3.66960784314e-07
951,-0.152581558416,3.67347058824e-07
952,-0.451247560826,3.67733333333e-07
953,-0.152910724532,3.68119607843e-07
954,0.552040193754,3.68505882353e-07
955,1.2166206346,3.68892156863e-07
956,1.41853978279,3.69278431373e-07
957,1.02566734615,3.69664705882e-07
958,0.27911380466,3.70050980392e-07
959,-0.358200855916,3.70437254902e-07
960,-0.492555558349,3.70823529412e-07
961,-0.0474697235557,3.71209803922e-07
962,0.687050710994,3.71596078431e-07
963,1.23549054071,3.71982352941e-07
964,1.23514402269,3.72368627451e-07
965,0.664996026138,3.72754901961e-07
966,-0.138702391254,3.73141176471e-07
967,-0.690906816615,3.7352745098e-07
968,-0.660772584484,3.7391372549e-07
969,-0.0799398385462,3.743e-07
970,0.674687779727,3.7468627451e-07
971,1.11407152662,3.7507254902e-07
972,0.941561409746,3.75458823529e-07
973,0.239129328043,3.75845098039e-07
974,-0.581350416771,3.76231372549e-07
975,-1.03241831707,3.76617647059e-07
976,-0.853412228956,3.77003921569e-07
977,-0.172963742863,3.77390196078e-07
978,0.569827112177,3.77776470588e-07
979,0.897139783565,3.78162745098e-07
980,0.588683029539,3.78549019608e-07
981,-0.181468155186,3.78935294118e-07
982,-0.952558996091,3.79321568627e-07
983,-1.26268839665,3.79707843137e-07
984,-0.935053958857,3.80094117647e-07
985,-0.187303944445,3.80480392157e-07
986,0.503780604446,3.80866666667e-07
987,0.698169345809,3.81252941176e-07
988,0.265351727683,3.81639215686e-07
989,-0.535149644505,3.82025490196e-07
990,-1.21514751578,3.82411764706e-07
991,-1.36052154954,3.82798039216e-07
992,-0.887301320977,3.83184313725e-07
993,-0.0924695432932,3.83570588235e-07
994,0.531371356766,3.83956862745e-07
995,0.601731303945,3.84343137255e-07
996,0.0823050096744,3.84729411765e-07
997,-0.696750181119,3.85115686275e-07
998,-1.2459343118,3.85501960784e-07
999,-1.22126849682,3.85888235294e-07
1000,-0.637088937165,3.86274509804e-07
1001,0.144975344874,3.86660784314e-07
1002,0.642826735891,3.87047058824e-07
1003,0.554307579957,3.87433333333e-07
1004,-0.0561565889529,3.87819607843e-07
1005,-0.800308422496,3.88205882353e-07
1006,-1.21036230732,3.88592156863e-07
1007,-1.03147192785,3.88978431373e-07
1008,-0.379585260622,3.89364705882e-07
1009,0.333292956442,3.89750980392e-07
1010,0.658707183968,3.90137254902e-07
1011,0.393062920089,3.90523529412e-07
1012,-0.295622913652,3.90909803922e-07
1013,-0.974587499001,3.91296078431e-07
1014,-1.21932074163,3.91682352941e-07
1015,-0.881119111619,3.92068627451e-07
1016,-0.181104030729,3.92454901961e-07
1017,0.428526145172,3.92841176471e-07
1018,0.549175253315,3.9322745098e-07
1019,0.0878402279772,3.9361372549e-07
1020,-0.682127041057,3.94e-07
1021,-1.29047462515,3.9438627451e-07
1022,-1.36437244497,3.9477254902e-07
1023,-0.863483667696,3.95158823529e-07
1024,-0.107989302038,3.95545098039e-07
1025,0.41919602887,3.95931372549e-07
1026,0.373471810211,3.96317647059e-07
1027,-0.234909873227,3.96703921569e-07
1028,-1.0446737906,3.97090196078e-07
1029,-1.56653610407,3.97476470588e-07
1030,-1.48734395636,3.97862745098e-07
1031,-0.866026725302,3.98249019608e-07
1032,-0.098701209743,3.98635294118e-07
1033,0.326338668794,3.99021568627e-07
1034,0.132043031003,3.99407843137e-07
1035,-0.574170873358,3.99794117647e-07
1036,-1.36558417373,4.00180392157e-07
1037,-1.75994656361,4.00566666667e-07
1038,-1.51847604223,4.00952941176e-07
1039,-0.79444979626,4.01339215686e-07
1040,-0.0388427518182,4.01725490196e-07
1041,0.278782179801,4.02111764706e-07
1042,-0.0388427518187,4.02498039216e-07
1043,-0.794449796261,4.02884313725e-07
1044,-1.51847604223,4.03270588235e-07
1045,-1.75994656361,4.03656862745e-07
1046,-1.36558417373,4.04043137255e-07
1047,-0.574170873358,4.04429411765e-07
1048,0.132043031003,4.04815686275e-07
1049,0.326338668794,4.05201960784e-07
1050,-0.098701209743,4.05588235294e-07
1051,-0.866026725302,4.05974509804e-07
1052,-1.48734395636,4.06360784314e-07
1053,-1.56653610407,4.06747058824e-07
1054,-1.0446737906,4.07133333333e-07
1055,-0.234909873227,4.07519607843e-07
1056,0.373471810211,4.07905882353e-07
1057,0.41919602887,4.08292156863e-07
1058,-0.107989302038,4.08678431373e-07
1059,-0.863483667696,4.09064705882e-07
1060,-1.36437244497,4.09450980392e-07
1061,-1.29047462515,4.09837254902e-07
1062,-0.682127041057,4.10223529412e-07
1063,0.0878402279772,4.10609803922e-07
1064,0.549175253315,4.10996078431e-07
1065,0.428526145172,4.11382352941e-07
1066,-0.181104030729,4.11768627451e-07
1067,-0.881119111619,4.12154901961e-07
1068,-1.21932074163,4.12541176471e-07
1069,-0.974587499001,4.1292745098e-07
1070,-0.295622913652,4.1331372549e-07
1071,0.393062920089,4.137e-07
1072,0.658707183968,4.1408627451e-07
1073,0.333292956442,4.1447254902e-07
1074,-0.379585260622,4.14858823529e-07
1075,-1.03147192785,4.15245098039e-07
1076,-1.21036230732,4.15631372549e-07
1077,-0.800308422496,4.16017647059e-07
1078,-0.0561565889528,4.16403921569e-07
1079,0.554307579957,4.16790196078e-07
1080,0.642826735891,4.17176470588e-07
1081,0.144975344874,4.17562745098e-07
1082,-0.637088937165,4.17949019608e-07
1083,-1.22126849682,4.18335294118e-07
1084,-1.2459343118,4.18721568627e-07
1085,-0.696750181119,4.19107843137e-07
1086,0.0823050096744,4.19494117647e-07
1087,0.601731303945,4.19880392157e-07
1088,0.531371356766,4.20266666667e-07
1089,-0.0924695432932,4.20652941176e-07
1090,-0.887301320977,4.21039215686e-07
1091,-1.36052154954,4.21425490196e-07
1092,-1.21514751578,4.21811764706e-07
1093,-0.535149644505,4.22198039216e-07
1094,0.265351727683,4.22584313725e-07
1095,0.698169345809,4.22970588235e-07
1096,0.503780604446,4.23356862745e-07
1097,-0.187303944445,4.23743137255e-07
1098,-0.935053958857,4.24129411765e-07
1099,-1.26268839665,4.24515686275e-07
1100,-0.952558996091,4.24901960784e-07
1101,-0.181468155186,4.25288235294e-07
1102,0.588683029539,4.25674509804e-07
1103,0.897139783565,4.26060784314e-07
1104,0.569827112177,4.26447058824e-07
1105,-0.172963742863,4.26833333333e-07
1106,-0.853412228956,4.27219607843e-07
1107,-1.03241831707,4.27605882353e-07
1108,-0.581350416771,4.27992156863e-07
1109,0.239129328043,4.28378431373e-07
1110,0.941561409746,4.28764705882e-07
1111,1.11407152662,4.29150980392e-07
1112,0.674687779727,4.29537254902e-07
1113,-0.0799398385462,4.29923529412e-07
1114,-0.660772584484,4.30309803922e-07
1115,-0.690906816615,4.30696078431e-07
1116,-0.138702391254,4.31082352941e-07
1117,0.664996026138,4.31468627451e-07
1118,1.23514402269,4.31854901961e-07
1119,1.23549054071,4.32241176471e-07
1120,0.687050710994,4.3262745098e-07
1121,-0.0474697235557,4.3301372549e-07
1122,-0.492555558349,4.334e-07
1123,-0.358200855916,4.3378627451e-07
1124,0.27911380466,4.3417254902e-07
1125,1.02566734615,4.34558823529e-07
1126,1.41853978279,4.34945098039e-07
1127,1.2166206346,4.35331372549e-07
1128,0.552040193754,4.35717647059e-07
1129,-0.152910724532,4.36103921569e-07
1130,-0.451247560826,4.36490196078e-07
1131,-0.152581558416,4.36876470588e-07
1132,0.556458274834,4.37262745098e-07
1133,1.22872071104,4.37649019608e-07
1134,1.43746887522,4.38035294118e-07
1135,1.04583077479,4.38421568627e-07
1136,0.295386670824,4.38807843137e-07
1137,-0.342721385219,4.39194117647e-07
1138,-0.462080244381,4.39580392157e-07
1139,0.0230259219869,4.39966666667e-07
1140,0.820705319043,4.40352941176e-07
1141,1.44063979757,4.40739215686e-07
1142,1.49890787541,4.41125490196e-07
1143,0.958814218948,4.41511764706e-07
1144,0.156959258147,4.41898039216e-07
1145,-0.403061789541,4.42284313725e-07
1146,-0.362190168587,4.42670588235e-07
1147,0.270612472971,4.43056862745e-07
1148,1.12223246185,4.43443137255e-07
1149,1.6850663302,4.43829411765e-07
1150,1.63059348126,4.44215686275e-07
1151,1.01250163974,4.44601960784e-07
1152,0.233213495577,4.44988235294e-07
1153,-0.205640838434,4.45374509804e-07
1154,-0.0141494014625,4.45760784314e-07
1155,0.70638039473,4.46147058824e-07
1156,1.52660520802,4.46533333333e-07
1157,1.95561830519,4.46919607843e-07
1158,1.74516806747,4.47305882353e-07
1159,1.04281355734,4.47692156863e-07
1160,0.299230306534,4.48078431373e-07
1161,-0.0123218455637,4.48464705882e-07
1162,0.310201939991,4.48850980392e-07
1163,1.07304671569,4.49237254902e-07
1164,1.80825404859,4.49623529412e-07
1165,2.06523492141,4.50009803922e-07
1166,1.69062064556,4.50396078431e-07
1167,0.92241998461,4.50782352941e-07
1168,0.240454739602,4.51168627451e-07
1169,0.0668546947839,4.51554901961e-07
1170,0.503494872522,4.51941176471e-07
1171,1.26978530214,4.5232745098e-07
1172,1.87900903798,4.5271372549e-07
1173,1.94264866758,4.531e-07
1174,1.41260142743,4.5348627451e-07
1175,0.610334419214,4.5387254902e-07
1176,0.025271096333,4.54258823529e-07
1177,0.00876771486156,4.54645098039e-07
1178,0.55501162197,4.55031372549e-07
1179,1.30558348107,4.55417647059e-07
1180,1.77448101457,4.55803921569e-07
1181,1.65258993416,4.56190196078e-07
1182,1.00102219893,4.56576470588e-07
1183,0.212375507841,4.56962745098e-07
1184,-0.235745398869,4.57349019608e-07
1185,-0.0805165565478,4.57735294118e-07
1186,0.560933276275,4.58121568627e-07
1187,1.26474584859,4.58507843137e-07
1188,1.56645990445,4.58894117647e-07
1189,1.25348761775,4.59280392157e-07
1190,0.500386574956,4.59666666667e-07
1191,-0.238668285764,4.60052941176e-07
1192,-0.513891721266,4.60439215686e-07
1193,-0.163103838974,4.60825490196e-07
1194,0.583514809815,4.61211764706e-07
1195,1.24397506558,4.61598039216e-07
1196,1.38400416035,4.61984313725e-07
1197,0.889258448821,4.62370588235e-07
1198,0.0399004823817,4.62756862745e-07
1199,-0.660372551017,4.63143137255e-07
1200,-0.795847422917,4.63529411765e-07
1201,-0.297694233572,4.63915686275e-07
1202,0.511117197238,4.64301960784e-07
1203,1.11384208618,4.64688235294e-07
1204,1.11896879603,4.65074509804e-07
1205,0.502679747485,4.65460784314e-07
1206,-0.37578952201,4.65847058824e-07
1207,-0.995848027445,4.66233333333e-07
1208,-0.997234629045,4.66619607843e-07
1209,-0.402498221265,4.67005882353e-07
1210,0.397481258855,4.67392156863e-07
1211,0.885771551976,4.67778431373e-07
1212,0.739124236076,4.68164705882e-07
1213,0.0270200969569,4.68550980392e-07
1214,-0.832944124877,4.68937254902e-07
1215,-1.334942327,4.69323529412e-07
1216,-1.19826158983,4.69709803922e-07
1217,-0.539613715518,4.70096078431e-07
1218,0.201883177579,4.70482352941e-07
1219,0.539376912101,4.70868627451e-07
1220,0.241047686867,4.71254901961e-07
1221,-0.527409799739,4.71641176471e-07
1222,-1.3085263246,4.7202745098e-07
1223,-1.64007866273,4.7241372549e-07
1224,-1.34372582019,4.728e-07
1225,-0.635168085012,4.7318627451e-07
1226,0.0123803595334,4.7357254902e-07
1227,0.165431251564,4.73958823529e-07
1228,-0.297998206936,4.74345098039e-07
1229,-1.1119926765,4.74731372549e-07
1230,-1.78927177343,4.75117647059e-07
1231,-1.92622785108,4.75503921569e-07
1232,-1.45549440473,4.75890196078e-07
1233,-0.687985829004,4.76276470588e-07
1234,-0.118115531355,4.76662745098e-07
1235,-0.114113508973,4.77049019608e-07
1236,-0.687327840661,4.77435294118e-07
1237,-1.48505404347,4.77821568627e-07
1238,-2.01157704322,4.78207843137e-07
1239,-1.93916611253,4.78594117647e-07
1240,-1.31419597978,4.78980392157e-07
1241,-0.528919886872,4.79366666667e-07
1242,-0.0760047379988,4.79752941176e-07
1243,-0.239156308363,4.80139215686e-07
1244,-0.913703209636,4.80525490196e-07
1245,-1.67022707632,4.80911764706e-07
1246,-2.02242851094,4.81298039216e-07
1247,-1.732255557,4.81684313725e-07
1248,-0.961196739069,4.82070588235e-07
1249,-0.172048558283,4.82456862745e-07
1250,0.158799293368,4.82843137255e-07
1251,-0.16039443411,4.83229411765e-07
1252,-0.914494648181,4.83615686275e-07
1253,-1.61283852562,4.84001960784e-07
1254,-1.79373564552,4.84388235294e-07
1255,-1.31312390721,4.84774509804e-07
1256,-0.43721106178,4.85160784314e-07
1257,0.319836816572,4.85547058824e-07
1258,0.513563377236,4.85933333333e-07
1259,0.0454412541307,4.86319607843e-07
1260,-0.774274375928,4.86705882353e-07
1261,-1.41704802147,4.87092156863e-07
1262,-1.46267155217,4.87478431373e-07
1263,-0.859866803974,4.87864705882e-07
1264,0.0407934246334,4.88250980392e-07
1265,0.702460855489,4.88637254902e-07
1266,0.732922354555,4.89023529412e-07
1267,0.126158362045,4.89409803922e-07
1268,-0.734782182344,4.89796078431e-07
1269,-1.3150233966,4.90182352941e-07
1270,-1.25800587405,4.90568627451e-07
1271,-0.604131955534,4.90954901961e-07
1272,0.236866091987,4.91341176471e-07
1273,0.741620078291,4.9172745098e-07
1274,0.597434420663,4.9211372549e-07
1275,-0.106070074193,4.925e-07
1276,-0.936003227038,4.9288627451e-07
1277,-1.38775439527,4.9327254902e-07
1278,-1.19902708477,4.93658823529e-07
1279,-0.510808870368,4.94045098039e-07
1280,0.224000285326,4.94431372549e-07
1281,0.525879815046,4.94817647059e-07
1282,0.1888392114,4.95203921569e-07
1283,-0.592105325045,4.95590196078e-07
1284,-1.34502218228,4.95976470588e-07
1285,-1.61803604919,4.96362745098e-07
1286,-1.26255855421,4.96749019608e-07
1287,-0.525253719633,4.97135294118e-07
1288,0.108547948293,4.97521568627e-07
1289,0.221304088067,4.97907843137e-07
1290,-0.273082379201,4.98294117647e-07
1291,-1.074194388,4.98680392157e-07
1292,-1.6834976856,4.99066666667e-07
1293,-1.71814587867,4.99452941176e-07
1294,-1.15307600448,4.99839215686e-07
1295,-0.338816663315,5.00225490196e-07
1296,0.217103981793,5.00611764706e-07
1297,0.168751498434,5.00998039216e-07
1298,-0.449423325863,5.01384313725e-07
1299,-1.24162688529,5.01770588235e-07
1300,-1.69696341278,5.02156862745e-07
1301,-1.50956337526,5.02543137255e-07
1302,-0.772098429175,5.02929411765e-07
1303,0.0795048989888,5.03315686275e-07
1304,0.537009693528,5.03701960784e-07
1305,0.337930251749,5.04088235294e-07
1306,-0.368374043652,5.04474509804e-07
1307,-1.11166593062,5.04860784314e-07
1308,-1.39359795186,5.05247058824e-07
1309,-1.00029943417,5.05633333333e-07
1310,-0.139189240367,5.06019607843e-07
1311,0.686922191877,5.06405882353e-07
1312,0.991675353008,5.06792156863e-07
1313,0.609415267382,5.07178431373e-07
1314,-0.19829810332,5.07564705882e-07
1315,-0.901962685875,5.07950980392e-07
1316,-1.03189661378,5.08337254902e-07
1317,-0.471507101803,5.08723529412e-07
1318,0.466764450949,5.09109803922e-07
1319,1.23155099423,5.09496078431e-07
1320,1.37231482592,5.09882352941e-07
1321,0.818756713688,5.10268627451e-07
1322,-0.073659278427,5.10654901961e-07
1323,-0.741266455122,5.11041176471e-07
1324,-0.759097984134,5.1142745098e-07
1325,-0.102921379746,5.1181372549e-07
1326,0.835683427999,5.122e-07
1327,1.49068098683,5.1258627451e-07
1328,1.47025463011,5.1297254902e-07
1329,0.797397270611,5.13358823529e-07
1330,-0.105880606388,5.13745098039e-07
1331,-0.680205855594,5.14131372549e-07
1332,-0.573836156068,5.14517647059e-07
1333,0.142520663102,5.14903921569e-07
1334,1.023156642,5.15290196078e-07
1335,1.52619057339,5.15676470588e-07
1336,1.34968207798,5.16062745098e-07
1337,0.616355472906,5.16449019608e-07
1338,-0.206623300309,5.16835294118e-07
1339,-0.601136911928,5.17221568627e-07
1340,-0.320868778789,5.17607843137e-07
1341,0.457868809813,5.17994117647e-07
1342,1.25017445273,5.18380392157e-07
1343,1.56866268264,5.18766666667e-07
1344,1.22917994613,5.19152941176e-07
1345,0.464698302174,5.19539215686e-07
1346,-0.223297810589,5.19925490196e-07
1347,-0.38190688183,5.20311764706e-07
1348,0.107156023451,5.20698039216e-07
1349,0.952440668627,5.21084313725e-07
1350,1.63590816316,5.21470588235e-07
1351,1.73942748207,5.21856862745e-07
1352,1.20941921619,5.22243137255e-07
1353,0.392862479873,5.22629411765e-07
1354,-0.178866417532,5.23015686275e-07
1355,-0.123417324349,5.23401960784e-07
1356,0.550993281958,5.23788235294e-07
1357,1.44824910405,5.24174509804e-07
1358,2.03083029897,5.24560784314e-07
1359,1.95660399868,5.24947058824e-07
1360,1.29484358577,5.25333333333e-07
1361,0.485041280884,5.25719607843e-07
1362,0.0627229337176,5.26105882353e-07
1363,0.322860586051,5.26492156863e-07
1364,1.131768082,5.26878431373e-07
1365,2.00670015945,5.27264705882e-07
1366,2.41539282281,5.27650980392e-07
1367,2.1095864667,5.28037254902e-07
1368,1.28384888916,5.28423529412e-07
1369,0.458721059051,5.28809803922e-07
1370,0.158836111745,5.29196078431e-07
1371,0.585358908122,5.29582352941e-07
1372,1.48719195038,5.29968627451e-07
1373,2.31292085863,5.30354901961e-07
1374,2.5510392816,5.30741176471e-07
1375,2.04804169397,5.3112745098e-07
1376,1.10633093512,5.3151372549e-07
1377,0.299590793039,5.319e-07
1378,0.11852554055,5.3228627451e-07
1379,0.665868731058,5.3267254902e-07
1380,1.59010952671,5.33058823529e-07
1381,2.30020772831,5.33445098039e-07
1382,2.32960117889,5.33831372549e-07
1383,1.624903849,5.34217647059e-07
1384,0.580674801462,5.34603921569e-07
1385,-0.201708842032,5.34990196078e-07
1386,-0.282609840399,5.35376470588e-07
1387,0.347027479672,5.35762745098e-07
1388,1.26192603391,5.36149019608e-07
1389,1.86530101284,5.36535294118e-07
1390,1.75531799896,5.36921568627e-07
1391,0.969030135421,5.37307843137e-07
1392,-0.0455287936019,5.37694117647e-07
1393,-0.709625902309,5.38080392157e-07
1394,-0.671210441771,5.38466666667e-07
1395,-0.0178147790119,5.38852941176e-07
1396,0.785251405141,5.39239215686e-07
1397,1.19010228396,5.39625490196e-07
1398,0.908908566102,5.40011764706e-07
1399,0.0900873802877,5.40398039216e-07
1400,-0.780257095293,5.40784313725e-07
1401,-1.18746836034,5.41170588235e-07
1402,-0.912544167038,5.41556862745e-07
1403,-0.167681741773,5.41943137255e-07
1404,0.541024352509,5.42329411765e-07
1405,0.735947983756,5.42715686275e-07
1406,0.271251387346,5.43101960784e-07
1407,-0.574616489291,5.43488235294e-07
1408,-1.27584441526,5.43874509804e-07
1409,-1.39396172582,5.44260784314e-07
1410,-0.858548525879,5.44647058824e-07
1411,-0.0154724820789,5.45033333333e-07
1412,0.589617467341,5.45419607843e-07
1413,0.557360693094,5.45805882353e-07
1414,-0.108049388592,5.46192156863e-07
1415,-0.994663407935,5.46578431373e-07
1416,-1.53757163231,5.46964705882e-07
1417,-1.37499893747,5.47350980392e-07
1418,-0.582082072383,5.47737254902e-07
1419,0.367068786615,5.48123529412e-07
1420,0.889335611904,5.48509803922e-07
1421,0.656192264765,5.48896078431e-07
1422,-0.196068049649,5.49282352941e-07
1423,-1.14337423009,5.49668627451e-07
1424,-1.59407615991,5.50054901961e-07
1425,-1.25575200435,5.50441176471e-07
1426,-0.320701645867,5.5082745098e-07
1427,0.64736038591,5.5121372549e-07
1428,1.0581992877,5.516e-07
1429,0.659749885178,5.5198627451e-07
1430,-0.303356580707,5.5237254902e-07
1431,-1.23733505293,5.52758823529e-07
1432,-1.56379628404,5.53145098039e-07
1433,-1.07723492236,5.53531372549e-07
1434,-0.0743966078963,5.53917647059e-07
1435,0.825645718615,5.54303921569e-07
1436,1.06111493549,5.54690196078e-07
1437,0.47350663432,5.55076470588e-07
1438,-0.593393127713,5.55462745098e-07
1439,-1.50295703908,5.55849019608e-07
1440,-1.71513457206,5.56235294118e-07
1441,-1.1164620162,5.56621568627e-07
1442,-0.0880217571121,5.57007843137e-07
1443,0.729702998196,5.57394117647e-07
1444,0.829586717101,5.57780392157e-07
1445,0.14640859217,5.58166666667e-07
1446,-0.907592254345,5.58552941176e-07
1447,-1.69983261761,5.58939215686e-07
1448,-1.76662583019,5.59325490196e-07
1449,-1.09400749032,5.59711764706e-07
1450,-0.118650499426,5.60098039216e-07
1451,0.548251060306,5.60484313725e-07
1452,0.500223575124,5.60870588235e-07
1453,-0.217793708147,5.61256862745e-07
1454,-1.14608602792,5.61643137255e-07
1455,-1.70330008482,5.62029411765e-07
1456,-1.55014425174,5.62415686275e-07
1457,-0.796029184774,5.62801960784e-07
1458,0.078216814727,5.63188235294e-07
1459,0.529303800508,5.63574509804e-07
1460,0.295058595154,5.63960784314e-07
1461,-0.444335022858,5.64347058824e-07
1462,-1.18763866342,5.64733333333e-07
1463,-1.43730270249,5.65119607843e-07
1464,-1.01994440738,5.65505882353e-07
1465,-0.198052164235,5.65892156863e-07
1466,0.498680453168,5.66278431373e-07
1467,0.61536703271,5.66664705882e-07
1468,0.0690192281633,5.67050980392e-07
1469,-0.790545597838,5.67437254902e-07
1470,-1.39824720707,5.67823529412e-07
1471,-1.33460910164,5.68209803922e-07
1472,-0.601327566177,5.68596078431e-07
1473,0.366451908306,5.68982352941e-07
1474,0.964721308409,5.69368627451e-07
1475,0.799992302318,5.69754901961e-07
1476,-0.0545533679895,5.70141176471e-07
1477,-1.09103256276,5.7052745098e-07
1478,-1.6734434265,5.7091372549e-07
1479,-1.43234396033,5.713e-07
1480,-0.502209765076,5.7168627451e-07
1481,0.550099198729,5.7207254902e-07
1482,1.06722548308,5.72458823529e-07
1483,0.706012471203,5.72845098039e-07
1484,-0.34480650005,5.73231372549e-07
1485,-1.47141199566,5.73617647059e-07
1486,-2.00471853724,5.74003921569e-07
1487,-1.62862414229,5.74390196078e-07
1488,-0.576181060549,5.74776470588e-07
1489,0.508397923126,5.75162745098e-07
1490,0.959452325914,5.75549019608e-07
1491,0.493964254888,5.75935294118e-07
1492,-0.616893981774,5.76321568627e-07
1493,-1.71358874203,5.76707843137e-07
1494,-2.14968851762,5.77094117647e-07
1495,-1.68319756965,5.77480392157e-07
1496,-0.619043604248,5.77866666667e-07
1497,0.38251783186,5.78252941176e-07
1498,0.71175553886,5.78639215686e-07
1499,0.17944199746,5.79025490196e-07
1500,-0.874939218389,5.79411764706e-07
1501,-1.79978744752,5.79798039216e-07
1502,-2.03563405176,5.80184313725e-07
1503,-1.45613783982,5.80570588235e-07
1504,-0.437033169634,5.80956862745e-07
1505,0.385228918842,5.81343137255e-07
1506,0.511196068775,5.81729411765e-07
1507,-0.116060059647,5.82115686275e-07
1508,-1.08544789568,5.82501960784e-07
1509,-1.78354845711,5.82888235294e-07
1510,-1.78117582308,5.83274509804e-07
1511,-1.09742938112,5.83660784314e-07
1512,-0.177819348816,5.84047058824e-07
1513,0.395451444764,5.84433333333e-07
1514,0.274652952051,5.84819607843e-07
1515,-0.436665931835,5.85205882353e-07
1516,-1.25719031354,5.85592156863e-07
1517,-1.64234956899,5.85978431373e-07
1518,-1.3373256767,5.86364705882e-07
1519,-0.542014363518,5.86750980392e-07
1520,0.218289373907,5.87137254902e-07
1521,0.43431492304,5.87523529412e-07
1522,-0.0525591195425,5.87909803922e-07
1523,-0.938996493063,5.88296078431e-07
1524,-1.64712929167,5.88682352941e-07
1525,-1.69499959385,5.89068627451e-07
1526,-1.01452399054,5.89454901961e-07
1527,-0.0104964139646,5.89841176471e-07
1528,0.684237075367,5.9022745098e-07
1529,0.608747580448,5.9061372549e-07
1530,-0.222484872434,5.91e-07
1531,-1.30934352588,5.9138627451e-07
1532,-1.96482800187,5.9177254902e-07
1533,-1.74310638007,5.92158823529e-07
1534,-0.730501708172,5.92545098039e-07
1535,0.487988127278,5.92931372549e-07
1536,1.1754941139,5.93317647059e-07
1537,0.896029972609,5.93703921569e-07
1538,-0.205416523699,5.94090196078e-07
1539,-1.47347297564,5.94476470588e-07
1540,-2.12859958602,5.94862745098e-07
1541,-1.73850397101,5.95249019608e-07
1542,-0.487754729581,5.95635294118e-07
1543,0.922287727277,5.96021568627e-07
1544,1.68743280581,5.96407843137e-07
1545,1.38078645099,5.96794117647e-07
1546,0.209073697562,5.97180392157e-07
1547,-1.11050266878,5.97566666667e-07
1548,-1.77894823847,5.97952941176e-07
1549,-1.39086430322,5.98339215686e-07
1550,-0.170240093291,5.98725490196e-07
1551,1.17315136695,5.99111764706e-07
1552,1.87602216366,5.99498039216e-07
1553,1.57815114225,5.99884313725e-07
1554,0.527619583823,6.00270588235e-07
1555,-0.584546803077,6.00656862745e-07
1556,-1.05272269937,6.01043137255e-07
1557,-0.582578928677,6.01429411765e-07
1558,0.544090482955,6.01815686275e-07
1559,1.65937682748,6.02201960784e-07
1560,2.12866962285,6.02588235294e-07
1561,1.7362409872,6.02974509804e-07
1562,0.800934999735,6.03360784314e-07
1563,-0.041647551205,6.03747058824e-07
1564,-0.245785086402,6.04133333333e-07
1565,0.307605554451,6.04519607843e-07
1566,1.25301582631,6.04905882353e-07
1567,1.99036898312,6.05292156863e-07
1568,2.07725038136,6.05678431373e-07
1569,1.51044629886,6.06064705882e-07
1570,0.718349496637,6.06450980392e-07
1571,0.273017205336,6.06837254902e-07
1572,0.510731505664,6.07223529412e-07
1573,1.30800692125,6.07609803922e-07
1574,2.15925695108,6.07996078431e-07
1575,2.5072377636,6.08382352941e-07
1576,2.1128395911,6.08768627451e-07
1577,1.22274843899,6.09154901961e-07
1578,0.421253668619,6.09541176471e-07
1579,0.255684850498,6.0992745098e-07
1580,0.873962249683,6.1031372549e-07
1581,1.91078434665,6.107e-07
1582,2.70441867853,6.1108627451e-07
1583,2.71488360371,6.1147254902e-07
1584,1.88054005773,6.11858823529e-07
1585,0.681184447924,6.12245098039e-07
1586,-0.144007874934,6.12631372549e-07
1587,-0.0567580704089,6.13017647059e-07
1588,0.927868015693,6.13403921569e-07
1589,2.22439930941,6.13790196078e-07
1590,3.01886996463,6.14176470588e-07
1591,2.76832255514,6.14562745098e-07
1592,1.55122826153,6.14949019608e-07
1593,0.0454857678471,6.15335294118e-07
1594,-0.864666247182,6.15721568627e-07
1595,-0.621834922696,6.16107843137e-07
1596,0.654628402407,6.16494117647e-07
1597,2.22062060585,6.16880392157e-07
1598,3.13866075922,6.17266666667e-07
1599,2.83452941271,6.17652941176e-07
1600,1.44500085757,6.18039215686e-07
1601,-0.255204883129,6.18425490196e-07
1602,-1.30702463682,6.18811764706e-07
1603,-1.13152192149,6.19198039216e-07
1604,0.131792217417,6.19584313725e-07
1605,1.71379052231,6.19970588235e-07
1606,2.67582913865,6.20356862745e-07
1607,2.46332145585,6.20743137255e-07
1608,1.22211014801,6.21129411765e-07
1609,-0.306289769404,6.21515686275e-07
1610,-1.23903878509,6.21901960784e-07
1611,-1.07625688428,6.22288235294e-07
1612,0.0198068272933,6.22674509804e-07
1613,1.34999856773,6.23060784314e-07
1614,2.11863834195,6.23447058824e-07
1615,1.91192279176,6.23833333333e-07
1616,0.923364293096,6.24219607843e-07
1617,-0.200218306273,6.24605882353e-07
1618,-0.781362928287,6.24992156863e-07
1619,-0.530787379219,6.25378431373e-07
1620,0.297840026368,6.25764705882e-07
1621,1.10304780146,6.26150980392e-07
1622,1.34307475196,6.26537254902e-07
1623,0.887446970073,6.26923529412e-07
1624,0.0871959565389,6.27309803922e-07
1625,-0.475343442857,6.27696078431e-07
1626,-0.387414579918,6.28082352941e-07
1627,0.309263642997,6.28468627451e-07
1628,1.13935941921,6.28854901961e-07
1629,1.50949659001,6.29241176471e-07
1630,1.11251673345,6.2962745098e-07
1631,0.152102476708,6.3001372549e-07
1632,-0.768010153735,6.304e-07
1633,-1.02885932047,6.3078627451e-07
1634,-0.411097697254,6.3117254902e-07
1635,0.732874315044,6.31558823529e-07
1636,1.67418896593,6.31945098039e-07
1637,1.76074442192,6.32331372549e-07
1638,0.846928002412,6.32717647059e-07
1639,-0.578892370881,6.33103921569e-07
1640,-1.66624636793,6.33490196078e-07
1641,-1.72029917975,6.33876470588e-07
1642,-0.649173515315,6.34262745098e-07
1643,0.944306114645,6.34649019608e-07
1644,2.09981979091,6.35035294118e-07
1645,2.07381692235,6.35421568627e-07
1646,0.804482537108,6.35807843137e-07
1647,-1.02311663454,6.36194117647e-07
1648,-2.36495826191,6.36580392157e-07
1649,-2.4357454071,6.36966666667e-07
1650,-1.18676886113,6.37352941176e-07
1651,0.648868786831,6.37739215686e-07
1652,1.97950092922,6.38125490196e-07
1653,1.99930598118,6.38511764706e-07
1654,0.669554800652,6.38898039216e-07
1655,-1.25340203134,6.39284313725e-07
1656,-2.66308968603,6.39670588235e-07
1657,-2.75659073697,6.40056862745e-07
1658,-1.50712286287,6.40443137255e-07
1659,0.325433067042,6.40829411765e-07
1660,1.64952955948,6.41215686275e-07
1661,1.68781925225,6.41601960784e-07
1662,0.428105415813,6.41988235294e-07
1663,-1.38500200538,6.42374509804e-07
1664,-2.7038682653,6.42760784314e-07
1665,-2.79790673896,6.43147058824e-07
1666,-1.66812804071,6.43533333333e-07
1667,-0.0169349308812,6.43919607843e-07
1668,1.19312580972,6.44305882353e-07
1669,1.31309314645,6.44692156863e-07
1670,0.366167705042,6.45078431373e-07
1671,-1.01280274141,6.45464705882e-07
1672,-1.99847162627,6.45850980392e-07
1673,-2.08168254253,6.46237254902e-07
1674,-1.3475077634,6.46623529412e-07
1675,-0.367138964577,6.47009803922e-07
1676,0.205425931619,6.47396078431e-07
1677,0.0594059041293,6.47782352941e-07
1678,-0.59866148787,6.48168627451e-07
1679,-1.22376180694,6.48554901961e-07
1680,-1.33137200298,6.48941176471e-07
1681,-0.841819633114,6.4932745098e-07
1682,-0.136263061646,6.4971372549e-07
1683,0.21389247226,6.501e-07
1684,-0.139014893871,6.5048627451e-07
1685,-1.04567038714,6.5087254902e-07
1686,-1.92361740992,6.51258823529e-07
1687,-2.13223857757,6.51645098039e-07
1688,-1.42019872653,6.52031372549e-07
1689,-0.144615079526,6.52417647059e-07
1690,0.903500937753,6.52803921569e-07
1691,0.981224848555,6.53190196078e-07
1692,-0.111741545596,6.53576470588e-07
1693,-1.84838671411,6.53962745098e-07
1694,-3.24210620625,6.54349019608e-07
1695,-3.42790717561,6.54735294118e-07
1696,-2.21027509145,6.55121568627e-07
1697,-0.231963597926,6.55507843137e-07
1698,1.36336826531,6.55894117647e-07
1699,1.59356007298,6.56280392157e-07
1700,0.235351709456,6.56666666667e-07
1701,-2.00956729602,6.57052941176e-07
1702,-3.89662811603,6.57439215686e-07
1703,-4.35639090949,6.57825490196e-07
1704,-3.12726631044,6.58211764706e-07
1705,-0.923045785221,6.58598039216e-07
1706,0.972879960641,6.58984313725e-07
1707,1.45325371777,6.59370588235e-07
1708,0.233650482615,6.59756862745e-07
1709,-1.98302909514,6.60143137255e-07
1710,-3.92182134603,6.60529411765e-07
1711,-4.48364720468,6.60915686275e-07
1712,-3.38225844346,6.61301960784e-07
1713,-1.29568180017,6.61688235294e-07
1714,0.550129938676,6.62074509804e-07
1715,1.10953494839,6.62460784314e-07
1716,0.120685373646,6.62847058824e-07
1717,-1.76921014342,6.63233333333e-07
1718,-3.41735306599,6.63619607843e-07
1719,-3.87538196073,6.64005882353e-07
1720,-2.9364162665,6.64392156863e-07
1721,-1.2187283247,6.64778431373e-07
1722,0.245010565289,6.65164705882e-07
1723,0.645012582928,6.65550980392e-07
1724,-0.136142447068,6.65937254902e-07
1725,-1.49800314382,6.66323529412e-07
1726,-2.53412135668,6.66709803922e-07
1727,-2.60651732976,6.67096078431e-07
1728,-1.71972390283,6.67482352941e-07
1729,-0.472219956449,6.67868627451e-07
1730,0.362303406247,6.68254901961e-07
1731,0.339731034218,6.68641176471e-07
1732,-0.391061530765,6.6902745098e-07
1733,-1.2259228842,6.6941372549e-07
1734,-1.53785989878,6.698e-07
1735,-1.10701882931,6.7018627451e-07
1736,-0.258717988026,6.7057254902e-07
1737,0.380668883401,6.70958823529e-07
1738,0.341166801475,6.71345098039e-07
1739,-0.336120450179,6.71731372549e-07
1740,-1.09942428517,6.72117647059e-07
1741,-1.25777231564,6.72503921569e-07
1742,-0.483992712854,6.72890196078e-07
1743,0.894492625674,6.73276470588e-07
1744,2.03800310034,6.73662745098e-07
1745,2.11221117152,6.74049019608e-07
1746,0.865287046087,6.74435294118e-07
1747,-1.11693449209,6.74821568627e-07
1748,-2.67865068501,6.75207843137e-07
1749,-2.76130445735,6.75594117647e-07
1750,-1.07972068886,6.75980392157e-07
1751,1.61933044167,6.76366666667e-07
1752,3.91116501068,6.76752941176e-07
1753,4.48705128042,6.77139215686e-07
1754,2.93372254272,6.77525490196e-07
1755,0.0278802942065,6.77911764706e-07
1756,-2.65471751885,6.78298039216e-07
1757,-3.61300188428,6.78684313725e-07
1758,-2.27930661522,6.79070588235e-07
1759,0.640503231435,6.79456862745e-07
1760,3.55435688097,6.79843137255e-07
1761,4.88314935447,6.80229411765e-07
1762,3.95361168261,6.80615686275e-07
1763,1.36788216026,6.81001960784e-07
1764,-1.36106675637,6.81388235294e-07
1765,-2.68906598116,6.81774509804e-07
1766,-1.91810091924,6.82160784314e-07
1767,0.43647520063,6.82547058824e-07
1768,2.98823254727,6.82933333333e-07
1769,4.31066058652,6.83319607843e-07
1770,3.75586528889,6.83705882353e-07
1771,1.78357987451,6.84092156863e-07
1772,-0.370825077394,6.84478431373e-07
1773,-1.46270062831,6.84864705882e-07
1774,-0.963786621665,6.85250980392e-07
1775,0.681950780459,6.85637254902e-07
1776,2.39875609121,6.86023529412e-07
1777,3.17553279129,6.86409803922e-07
1778,2.67343828441,6.86796078431e-07
1779,1.37696624555,6.87182352941e-07
1780,0.221988374202,6.87568627451e-07
1781,-0.0358122438457,6.87954901961e-07
1782,0.702693013521,6.88341176471e-07
1783,1.85692206925,6.8872745098e-07
1784,2.59169219865,6.8911372549e-07
1785,2.3949326877,6.895e-07
1786,1.42049863611,6.8988627451e-07
1787,0.371507875336,6.9027254902e-07
1788,0.00799256902898,6.90658823529e-07
1789,0.613604515986,6.91045098039e-07
1790,1.78475825229,6.91431372549e-07
1791,2.69210001056,6.91817647059e-07
1792,2.64741797466,6.92203921569e-07
1793,1.59754042119,6.92590196078e-07
1794,0.203223633846,6.92976470588e-07
1795,-0.571943313071,6.93362745098e-07
1796,-0.109857708585,6.93749019608e-07
1797,1.40263447382,6.94135294118e-07
1798,3.0270122229,6.94521568627e-07
1799,3.64025910671,6.94907843137e-07
1800,2.6755001803,6.95294117647e-07
1801,0.557936108202,6.95680392157e-07
1802,-1.47529258808,6.96066666667e-07
1803,-2.10301749029,6.96452941176e-07
1804,-0.768104535012,6.96839215686e-07
1805,1.88932889596,6.97225490196e-07
1806,4.3215592741,6.97611764706e-07
1807,4.95806593889,6.97998039216e-07
1808,3.17656516487,6.98384313725e-07
1809,-0.234214579151,6.98770588235e-07
1810,-3.43677304767,6.99156862745e-07
1811,-4.56258964365,6.99543137255e-07
1812,-2.8103949885,6.99929411765e-07
1813,1.02451389857,7.00315686275e-07
1814,4.92628200028,7.00701960784e-07
1815,6.75231971913,7.01088235294e-07
1816,5.4311398186,7.01474509804e-07
1817,1.57759780824,7.01860784314e-07
1818,-2.83206886864,7.02247058824e-07
1819,-5.54291045572,7.02633333333e-07
1820,-5.24518934709,7.03019607843e-07
1821,-2.2496528658,7.03405882353e-07
1822,1.74899517279,7.03792156863e-07
1823,4.65400557294,7.04178431373e-07
1824,5.10938824065,7.04564705882e-07
1825,3.15445985749,7.04950980392e-07
1826,0.0559917736425,7.05337254902e-07
1827,-2.52183080462,7.05723529412e-07
1828,-3.47642373488,7.06109803922e-07
1829,-2.78668330414,7.06496078431e-07
1830,-1.33279203644,7.06882352941e-07
1831,-0.199899303921,7.07268627451e-07
1832,0.0480380318434,7.07654901961e-07
1833,-0.34149295034,7.08041176471e-07
1834,-0.606347193007,7.0842745098e-07
1835,-0.109488049365,7.0881372549e-07
1836,1.14011925167,7.092e-07
1837,2.45110366507,7.0958627451e-07
1838,2.92347693597,7.0997254902e-07
1839,2.103808698,7.10358823529e-07
1840,0.361238883782,7.10745098039e-07
1841,-1.29507042308,7.11131372549e-07
1842,-1.85959122374,7.11517647059e-07
1843,-1.01483675564,7.11903921569e-07
1844,0.613316371582,7.12290196078e-07
1845,1.83178605166,7.12676470588e-07
1846,1.67217503787,7.13062745098e-07
1847,0.0868407763511,7.13449019608e-07
1848,-1.93209518381,7.13835294118e-07
1849,-2.9379250868,7.14221568627e-07
1850,-1.9837787565,7.14607843137e-07
1851,0.660607107546,7.14994117647e-07
1852,3.52843510351,7.15380392157e-07
1853,4.76845315412,7.15766666667e-07
1854,3.29678004585,7.16152941176e-07
1855,-0.420874429649,7.16539215686e-07
1856,-4.48568636402,7.16925490196e-07
1857,-6.5828940503,7.17311764706e-07
1858,-5.33895383491,7.17698039216e-07
1859,-1.2100948792,7.18084313725e-07
1860,3.66799149758,7.18470588235e-07
1861,6.6378617551,7.18856862745e-07
1862,6.04188551488,7.19243137255e-07
1863,2.21594010585,7.19629411765e-07
1864,-2.65504941338,7.20015686275e-07
1865,-5.77061933636,7.20401960784e-07
1866,-5.33734193294,7.20788235294e-07
1867,-1.6306595737,7.21174509804e-07
1868,3.14228516427,7.21560784314e-07
1869,6.11859653839,7.21947058824e-07
1870,5.45916603291,7.22333333333e-07
1871,1.44829562671,7.22719607843e-07
1872,-3.63874112165,7.23105882353e-07
1873,-6.83297606339,7.23492156863e-07
1874,-6.18357417212,7.23878431373e-07
1875,-1.89127481203,7.24264705882e-07
1876,3.78938490359,7.24650980392e-07
1877,7.812959446,7.25037254902e-07
1878,8.03392874215,7.25423529412e-07
1879,4.3582268968,7.25809803922e-07
1880,-1.27524562501,7.26196078431e-07
1881,-6.02294773788,7.26582352941e-07
1882,-7.68592979249,7.26968627451e-07
1883,-5.79106364304,7.27354901961e-07
1884,-1.64252732784,7.27741176471e-07
1885,2.58443690886,7.2812745098e-07
1886,5.08997181679,7.2851372549e-07
1887,5.28376275428,7.289e-07
1888,3.78479787736,7.2928627451e-07
1889,1.72458519243,7.2967254902e-07
1890,-0.0863449501104,7.30058823529e-07
1891,-1.54671645111,7.30445098039e-07
1892,-2.99530330888,7.30831372549e-07
1893,-4.56776904615,7.31217647059e-07
1894,-5.74083634705,7.31603921569e-07
1895,-5.49135393415,7.31990196078e-07
1896,-3.03995039777,7.32376470588e-07
1897,1.31959449556,7.32762745098e-07
1898,5.94980682578,7.33149019608e-07
1899,8.49657044605,7.33535294118e-07
1900,7.16821941658,7.33921568627e-07
1901,1.93294303008,7.34307843137e-07
1902,-5.15260428527,7.34694117647e-07
1903,-10.8126961734,7.35080392157e-07
1904,-12.2323552724,7.35466666667e-07
1905,-8.62251891887,7.35852941176e-07
1906,-1.74075450404,7.36239215686e-07
1907,4.99554648555,7.36625490196e-07
1908,8.34612647238,7.37011764706e-07
1909,6.99568889548,7.37398039216e-07
1910,2.19698661253,7.37784313725e-07
1911,-3.06906821968,7.38170588235e-07
1912,-5.91312478185,7.38556862745e-07
1913,-5.24021653313,7.38943137255e-07
1914,-2.30356658898,7.39329411765e-07
1915,0.224722158548,7.39715686275e-07
1916,0.0845815184224,7.40101960784e-07
1917,-2.99361192735,7.40488235294e-07
1918,-6.98405022104,7.40874509804e-07
1919,-8.78028286402,7.41260784314e-07
1920,-6.22313847199,7.41647058824e-07
1921,0.310246727732,7.42033333333e-07
1922,7.79520423218,7.42419607843e-07
1923,12.0998188834,7.42805882353e-07
1924,10.3430816443,7.43192156863e-07
1925,2.69868070023,7.43578431373e-07
1926,-7.45653740016,7.43964705882e-07
1927,-15.2112951586,7.44350980392e-07
1928,-16.7084993478,7.44737254902e-07
1929,-11.2058604166,7.45123529412e-07
1930,-1.45020255261,7.45509803922e-07
1931,7.83013187275,7.45896078431e-07
1932,12.4416100206,7.46282352941e-07
1933,10.8296871692,7.46668627451e-07
1934,4.6347717338,7.47054901961e-07
1935,-2.50614347193,7.47441176471e-07
1936,-7.10973698261,7.4782745098e-07
1937,-7.65671450321,7.4821372549e-07
1938,-5.0680380211,7.486e-07
1939,-1.72088233391,7.4898627451e-07
1940,0.238000145428,7.4937254902e-07
1941,0.166267295748,7.49758823529e-07
1942,-0.965765571004,7.50145098039e-07
1943,-1.57003227433,7.50531372549e-07
1944,-0.752028335762,7.50917647059e-07
1945,1.01196050445,7.51303921569e-07
1946,2.29458541549,7.51690196078e-07
1947,1.90010374201,7.52076470588e-07
1948,-0.0824717116954,7.52462745098e-07
1949,-2.17868934182,7.52849019608e-07
1950,-2.53841862013,7.53235294118e-07
1951,-0.396832035295,7.53621568627e-07
1952,3.07410072326,7.54007843137e-07
1953,5.25766906203,7.54394117647e-07
1954,3.77657054497,7.54780392157e-07
1955,-1.66040177357,7.55166666667e-07
1956,-8.54111674224,7.55552941176e-07
1957,-12.6567303205,7.55939215686e-07
1958,-10.5809730827,7.56325490196e-07
1959,-2.08443011957,7.56711764706e-07
1960,9.11090938039,7.57098039216e-07
1961,16.9670277833,7.57484313725e-07
1962,16.4505674294,7.57870588235e-07
1963,6.68820098512,7.58256862745e-07
1964,-7.99826693928,7.58643137255e-07
1965,-20.032642465,7.59029411765e-07
1966,-22.6298744488,7.59415686275e-07
1967,-13.7318966684,7.59801960784e-07
1968,2.49136657863,7.60188235294e-07
1969,17.6238776444,7.60574509804e-07
